2457582.589953394 0.999218920871901 49.707973
2457582.6103854286 0.9993892759016888 49.703796
2457582.630817362 0.9994776646583226 49.72149
2457582.651249196 0.9993622574041875 49.75213
2457582.6716812295 0.9995951015721568 49.759956
2457582.6921131625 0.9994836113867638 49.768433
2457582.712544995 0.9995393043912194 49.80089
2457582.732977027 0.9996451606988641 49.803192
2457582.753408959 0.9996062140102686 49.818775
2457582.7738407906 0.9996728242615996 49.8467
2457582.794272822 0.99962546680522 49.845516
2457582.814704753 0.9996357814237279 49.854572
2457582.916864403 0.9995060414948207 49.634212
2457582.937296332 0.9997273325572582 49.65388
2457582.9577281605 0.9997838640590788 49.667133
2457582.978160189 0.9997690733281072 49.643036
2457582.998592117 0.9996104853789658 49.651108
2457583.0190239446 0.999499348423003 49.666412
2457583.0394559717 0.9998511397418315 49.679527
2457583.059887899 1.0000793088044018 49.687885
2457583.0803198256 1.0000169332853703 49.697025
2457583.100751752 0.9999473174205389 49.711315
2457583.121183678 0.9998871360228506 49.71051
2457583.141615604 1.0000387712777552 49.721302
2457583.162047529 1.0003083265917736 49.734295
2457583.182479454 1.0006417324231398 49.7338
2457583.202911479 1.0006815187591875 49.755714
2457583.2233433034 1.0006341173814972 49.76303
2457583.2437752276 1.0005281475084142 49.790413
2457583.2642072514 1.0004591502220024 49.81137
2457583.284639075 1.0004750541246985 49.819195
2457583.305070998 1.0004087474243304 49.81106
2457583.3255030205 1.0003938847914047 49.82604
2457583.345934843 1.0004009577006763 49.834167
2457583.3663667655 1.0003420864376846 49.861504
2457583.386798787 1.0004507625151755 49.876232
2457583.4072306086 1.0002382388652853 49.872005
2457583.4276625295 1.000167779451589 49.887146
2457583.4480945505 0.9999934752479704 49.877396
2457583.468526471 0.9999211928271401 49.865177
2457583.4889582917 1.0 49.875145
2457583.6524137417 1.0 49.639874
2457583.672845659 0.9999981883878256 49.638306
2457583.693277576 1.0000036467453326 49.651257
2457583.7137094927 0.9999714537323693 49.656216
2457583.734141409 0.9999632002600128 49.64475
2457583.754573325 1.0000725242908002 49.67657
2457583.775005141 1.000182227347519 49.673054
2457583.7954371558 1.0003030695907722 49.6873
2457583.815869071 1.0004957478911478 49.676308
2457583.836300886 1.000584226673488 49.687084
2457583.8567329003 1.000238990293675 49.691906
2457583.877164814 1.0003164878845914 49.71032
2457583.897596728 0.999896726276385 49.73279
2457583.9180286415 0.9998525235744118 49.735054
2457583.9384605545 0.9999335782697893 49.733536
2457583.9588924674 0.9999295381014894 49.739605
2457583.97932438 0.999941131485603 49.759094
2457584.1427797684 1.0 49.64792
2457584.163211678 0.9999752365895678 49.631763
2457584.1836434873 1.0000320102730447 49.651157
2457584.204075496 1.0000264674651773 49.64956
2457584.224507405 1.0000085767922455 49.663296
2457584.2449392136 0.9999628193631466 49.658257
2457584.2653712216 1.0000474016059928 49.65997
2457584.2858031294 0.9999642480415966 49.66096
2457584.306235037 0.9999904778466102 49.683113
2457584.3266669437 1.000003229700005 49.685272
2457584.3470988506 0.999992585423489 49.68562
2457584.367530757 1.0000028651410264 49.66964
2457584.3879626635 0.9999820527158695 49.678413
2457584.408394569 0.9999973047274493 49.670353
2457584.4288264746 1.0000206754064143 49.68609
2457584.44925838 1.0000203882982037 49.68191
2457584.4696902847 1.000013339934608 49.69052
2457584.4901220896 0.9999606565689971 49.70832
2457584.5105540934 0.9999423230966233 49.696526
2457584.5309859975 0.9999527999931943 49.715225
2457584.5514180013 0.9999298830562272 49.70775
2457584.571849805 0.9999103542371397 49.71422
2457584.5922817076 0.9999342307214543 49.745407
2457584.6127137104 0.9999849996409497 49.726307
2457584.633145513 1.0000008408740184 49.73234
2457584.653577415 1.0000712706515964 49.756287
2457584.6740094167 1.000031534789651 49.756474
2457584.694441218 1.0000468082263232 49.758102
2457584.7148731193 1.0000501598872615 49.795753
2457584.7353051202 0.9999850050777829 49.798416
2457584.7557369205 1.0000300423274644 49.792625
2457584.776168821 0.9999470349334293 49.78631
2457584.7966008205 0.9999988550557881 49.826084
2457584.8170326203 1.0000140736120784 49.8245
2457584.83746452 1.0000084792593258 49.83372
2457584.857896519 0.9999896758169453 49.847237
2457584.8783284174 1.0000226006947475 49.87526
2457584.898760216 0.9999879152934174 49.878967
2457584.9191922136 0.9998737559859929 49.89918
2457584.939624111 0.9997571075843577 49.915844
2457584.960055909 1.0000361076715187 49.918514
2457584.980487906 1.0000675998971753 49.892834
2457585.000919803 1.0 49.8972
2457585.123511177 1.0001113421514713 49.731487
2457585.1439431715 1.000143712383281 49.755493
2457585.164374966 1.0001701888545578 49.746655
2457585.18480686 1.0001680943180256 49.75945
2457585.205238854 1.000357163943676 49.789112
2457585.2256706473 1.0000815950284048 49.77674
2457585.2461025403 1.0000904543298943 49.79098
2457585.2665344332 1.0000565717746284 49.812946
2457585.2869663257 0.9999951650789431 49.830357
2457585.3073982177 1.0000916225420684 49.838707
2457585.3278301097 1.0000820806774295 49.8468
2457585.3482620013 1.0000331699343408 49.883587
2457585.3686938924 1.0000238387443159 49.88346
2457585.3891258836 1.0000609581611877 49.91321
2457585.409557674 1.0000089401556551 49.920303
2457585.429989564 1.0000299489233127 49.93269
2457585.4504215545 0.9999861137093137 49.919865
2457585.4708533445 1.0000814980994623 49.902607
2457585.491285334 1.0000630817844087 49.899773
2457585.511717223 1.0 49.869175
2457585.6138766636 1.000008843680518 49.724983
2457585.634308551 1.0000628731937706 49.73995
2457585.654740338 1.0000126555320454 49.762596
2457585.6751723248 1.00001978815236 49.76323
2457585.695604211 1.0000085928187414 49.782803
2457585.716036097 0.9999874799723224 49.78774
2457585.736467983 1.0000135180390846 49.803913
2457585.7568998686 0.9999786397893715 49.853146
2457585.7773317536 0.9999427895064253 49.848473
2457585.7977636387 0.9999188414014272 49.876564
2457585.818195523 1.0000060882281525 49.885773
2457585.838627408 0.9999160916668527 49.90258
2457585.8590593915 0.9999680366821039 49.912773
2457585.879491175 0.999982773895922 49.92174
2457585.8999230587 0.9999585737508904 49.921425
2457585.9203550415 0.9999820608008306 49.927326
2457585.9407868246 0.9999652294374786 49.914696
2457585.961218807 0.9999742453382441 49.888733
2457586.124673756 0.999965759726886 49.731304
2457586.145105736 0.999978304207479 49.748837
2457586.165537515 0.999965160842662 49.735035
2457586.185969394 0.9999628517009672 49.758472
2457586.2064013733 1.000018748269596 49.770817
2457586.226833252 0.9999956084618379 49.781483
2457586.24726503 1.000018237981415 49.769985
2457586.2676970083 0.9999905025481609 49.773075
2457586.288128886 1.0000255193160283 49.77533
2457586.3085606634 0.9999530590676747 49.7716
2457586.32899264 1.0000144749095083 49.779274
2457586.349424517 0.9999833396191522 49.78156
2457586.3698564935 0.9999690429883292 49.797325
2457586.3902882696 0.9999475124464051 49.790092
2457586.410720146 0.9999124819995829 49.801632
2457586.431152121 0.9999370084152437 49.821537
2457586.4515838968 0.9999677402175235 49.82119
2457586.4720157715 0.9998007623198852 49.828884
2457586.5946070156 1.0 49.717453
2457586.6763346056 1.000300987264061 49.720333
2457586.6967663774 1.0 49.706215
2457586.717198249 0.9999096391438484 49.75185
2457586.73763022 0.9999132573927056 49.73978
2457586.758061991 0.9999569487130007 49.765057
2457586.7784938617 0.9998873049263461 49.739223
2457586.798925832 0.9999622279861348 49.744354
2457586.819357602 1.0000086161916346 49.75777
2457586.8397895717 1.0000364333208276 49.77521
2457586.860221441 1.0000242527443068 49.781982
2457586.8806532104 1.0000707598280016 49.791275
2457586.9010851793 1.0000609238987088 49.788097
2457586.9215170476 1.0000794857276114 49.818966
2457586.9419488157 1.0000700904320916 49.829643
2457586.9623807836 1.0000916409626548 49.84008
2457586.9828126514 1.0001595709404147 49.86111
2457587.003244419 1.0001484489287422 49.886963
2457587.023676386 1.000115373160396 49.89068
2457587.044108253 1.0001014900297462 49.91908
2457587.084971986 1.0001162585205523 49.75228
2457587.1054038517 1.000117582544701 49.754383
2457587.125835717 1.0000389054448677 49.747337
2457587.1462675827 1.0000719187987899 49.76969
2457587.1666994477 1.0000316880807842 49.759117
2457587.187131312 1.000029904546306 49.78029
2457587.2075632773 1.0000237686283553 49.771996
2457587.2279950413 1.0000659797607072 49.780334
2457587.2484269054 0.999973648905554 49.789547
2457587.2688588686 1.0000039016749769 49.79538
2457587.289290632 0.9999933915242302 49.797443
2457587.309722595 1.0000052665157788 49.79072
2457587.330154458 1.000013820959822 49.812424
2457587.35058622 0.9999483629417751 49.827545
2457587.3710181825 0.9999071063797286 49.86089
2457587.3914500447 0.9999880330579634 49.87712
2457587.411881806 0.9999998397925418 49.880493
2457587.4323137677 0.9999522701601801 49.896
2457587.4527456285 1.0000041232919172 49.911633
2457587.4731773892 0.9999380484983318 49.928894
2457587.4936093497 0.9999672899232255 49.95224
2457587.51404111 1.0 49.94099
2457587.575336789 0.9999285584173105 49.76355
2457587.5957685476 0.9999166162787672 49.774513
2457587.6162005067 0.9999972977041027 49.78255
2457587.636632365 0.9999255198929117 49.7852
2457587.657064123 0.9999405741326349 49.798878
2457587.677496081 1.0000060044760315 49.818745
2457587.697927939 0.9999004816445843 49.839005
2457587.7183597963 0.9998891864671842 49.83657
2457587.7387916534 0.9999463615569715 49.877693
2457587.75922351 0.9999645299167487 49.865955
2457587.7796554663 0.9998824796310917 49.887615
2457587.800087223 0.9998526648275975 49.90931
2457587.8205190785 0.999944602259072 49.917618
2457587.8409510343 0.9999403781986952 49.945724
2457587.8613827894 0.9999422180529901 49.953915
2457587.8818146447 0.9998938910885126 49.94377
2457587.9022465996 0.9999439850890881 49.94169
2457588.0657013278 1.0000335073897184 49.77123
2457588.08613328 0.9999524747394589 49.79571
2457588.106565132 0.999997897481192 49.80165
2457588.1269968837 1.000015276996113 49.816067
2457588.147428835 0.9999918096153139 49.818977
2457588.167860686 1.0000278323005303 49.82152
2457588.188292537 1.0000072822034431 49.830143
2457588.2087243875 1.000084602521897 49.84394
2457588.229156138 1.0000746383423789 49.861244
2457588.2495880877 1.0000137304453096 49.87627
2457588.270019938 1.0000136016991623 49.887146
2457588.290451687 1.0000595079815904 49.911
2457588.310883636 1.0000326217602815 49.920418
2457588.3313154853 1.0000625132737382 49.93243
2457588.351747234 1.0000703923162784 49.9505
2457588.372179182 1.0001224753520948 49.954227
2457588.39261103 1.0 49.956547
2457588.556065805 1.000053808530207 49.80853
2457588.5764976502 1.0000180338683684 49.815205
2457588.596929495 1.000035752460156 49.836273
2457588.617361441 1.0000156287153124 49.822853
2457588.637793185 1.000009073832444 49.82773
2457588.65822513 0.999957940282709 49.846813
2457588.678656974 0.9999885601348892 49.86285
2457588.699088718 0.9999681154009241 49.873486
2457588.801248033 1.0 49.819324
2457588.8216797756 0.9999776292452062 49.800636
2457588.842111718 1.000045274507892 49.793484
2457588.862543559 0.9999503108816494 49.77632
2457588.882975401 1.0000974059015026 49.785347
2457588.903407242 0.9999466340445338 49.788532
2457588.923839083 0.9999737966459402 49.78061
2457588.9442709233 0.9999977704977394 49.79199
2457588.964702764 1.0000221874136004 49.79321
2457588.985134604 0.9999914424442619 49.777725
2457589.005566444 0.9999791460421212 49.79673
2457589.025998283 1.0001281469632928 49.808933
2457589.0464301226 0.9999196638370155 49.811802
2457589.0668620616 0.9999867889600139 49.806625
2457589.0872938004 0.9999540159382234 49.819363
2457589.107725639 0.9999542989483327 49.820675
2457589.128157577 0.9999402999204022 49.843273
2457589.148589315 0.9999503196512672 49.842243
2457589.169021153 0.9999474833788018 49.881187
2457589.18945309 0.9999835848693595 49.87183
2457589.209884827 1.0000113695697659 49.88598
2457589.230316664 0.9999515397176968 49.88598
2457589.2507486003 1.0000447833283068 49.900124
2457589.271180337 1.0000085553364697 49.92785
2457589.291612173 0.9999347365021989 49.930714
2457589.3120441083 0.9999571638020905 49.948803
2457589.332475844 1.0000764851373927 49.95711
2457589.352907679 0.9999398446476613 49.945164
2457589.3733396144 1.000001575750455 49.943027
2457589.393771349 0.9999810956024464 49.94161
2457589.4142031833 0.9999813287724136 49.9367
2457589.4346351177 1.0 49.915176
2457589.5367943845 0.999973952813775 49.95679
2457589.557226117 0.9999843174216124 49.948013
2457589.577657949 1.0000126962347864 49.944702
2457589.5980898812 1.0000467039573426 49.951523
2457589.6185216126 1.0000380429988702 49.957752
2457589.781976257 1.0000802830372704 49.83407
2457603.798153606 1.0 49.87308
2457603.8185853 1.0000374596691222 49.90785
2457603.8390170946 0.9999461475001539 49.917988
2457603.8594486886 0.9999399572885677 49.92462
2457603.8798803827 0.9999788981810965 49.907925
2457603.9003120763 1.0000861674635793 49.907726
2457603.92074377 1.000037020441614 49.896206
2457603.9411755637 1.0000046937297047 49.89316
2457603.9616071573 0.999971849883078 49.900715
2457603.9820388504 0.9999946134201984 49.893494
2457604.0024706437 1.000005150931119 49.88369
2457604.022902237 0.9999915974332362 49.869667
2457604.04333393 1.0000328876284883 49.879322
2457604.063765723 0.9999799617875634 49.881042
2457604.084197316 0.9999936612709549 49.871925
2457604.104629008 0.9999696671462421 49.87672
2457604.125060801 0.9999450701822411 49.88775
2457604.145492393 1.0000062708584736 49.88091
2457604.1659241854 1.0000124494542422 49.880283
2457604.186355877 0.9999806343672863 49.89773
2457604.2067875694 0.9999491244662285 49.887436
2457604.227219261 1.0000191307812165 49.873314
2457604.247650953 1.00003450039645 49.906925
2457604.268082645 1.0000379909972112 49.897125
2457604.288514336 0.9999953508808502 49.893982
2457604.3089460274 0.9999831220838373 49.91027
2457604.3293777187 0.9999728520388181 49.90228
2457604.34980951 0.9999847093478912 49.8971
2457604.370241101 1.0000712377299361 49.88866
2457604.3906727917 0.9999620735189341 49.914566
2457604.4111045827 0.9999841274081338 49.913383
2457604.4315361734 0.9999374404320404 49.913017
2457604.451967964 0.9999832007937304 49.928673
2457604.4723996543 1.0000136113812212 49.92648
2457604.4928312446 1.0000665220906229 49.93033
2457604.5132630346 1.0000342191409954 49.930805
2457604.5336947246 1.000040096934478 49.92564
2457604.554126315 1.0000538862161572 49.941837
2457604.5745581044 0.9999961586041154 49.95866
2457604.5949897943 0.9999661943765596 49.957516
2457604.6154213836 0.999978675568796 49.956886
2457604.635853173 0.9999634363088251 49.966064
2457604.6562847625 1.0000789533999679 49.988144
2457604.6767164515 0.9999715791912092 49.982796
2457604.6971482406 1.0 49.982536
2457604.7380116186 1.0 50.137978
2457604.758443307 1.0000091352410765 50.129543
2457604.7788749957 1.0000170636331662 50.125523
2457604.799306684 0.999998782573904 50.1243
2457604.8197383727 0.9999914603995173 50.12113
2457604.8401700608 0.9999764117672559 50.112133
2457604.860601849 1.0000162445953975 50.10909
2457604.8810334373 0.9999723509564781 50.097664
2457604.901465125 0.9999807406403094 50.10391
2457604.9218969126 0.999957184561813 50.119263
2457604.9423285006 0.9999795157772224 50.10459
2457604.962760288 1.0000033259481242 50.102707
2457604.9831919754 1.0000067197165001 50.100727
2457605.003623563 0.9999943371087158 50.11105
2457605.02405535 1.0000422639616247 50.113037
2457605.044487037 1.000005370655403 50.108913
2457605.0649186242 1.0000041337062173 50.094563
2457605.085350411 0.9999356062995738 50.110264
2457605.1057820977 0.9999728789799309 50.11103
2457605.126213684 0.999997368078213 50.109512
2457605.146645471 0.999928057917365 50.110565
2457605.167077157 1.0000212672672193 50.111374
2457605.1875088434 0.9999988241730013 50.109505
2457605.2079405296 0.9999897809190159 50.10404
2457605.2283722158 1.000004918687567 50.122616
2457605.2488040016 1.000006589905043 50.09121
2457605.2692355877 0.9999788163469873 50.10968
2457605.2896672734 1.0000194046384971 50.107372
2457605.310098959 1.000017812821362 50.128174
2457605.3305306444 1.0000387285202985 50.124054
2457605.3509623297 1.0000147581395518 50.127354
2457605.371394115 0.9999974125509413 50.120163
2457605.3918257 1.0000271268783196 50.12191
2457605.4122573854 0.9999955355630034 50.142246
2457605.43268917 0.9999998744940152 50.12325
2457605.453120755 1.0000468560042979 50.124073
2457605.47355244 1.000003470217876 50.11574
2457605.4939842243 1.00004279735263 50.11178
2457605.514415809 0.9999618564167024 50.104847
2457605.5348475934 1.0000583244177534 50.109627
2457605.5552792773 0.9999971767434727 50.09769
2457605.7187327477 0.9998058866142395 49.98527
2457605.7391644306 1.0001222610769005 50.002316
2457605.759596114 1.0 50.007607
2457605.7800277974 0.9999715375987036 49.999172
2457605.80045948 1.0000167561399214 50.0003
2457605.820891263 1.0000131085290107 49.999348
2457605.841322946 0.9999618082332963 49.99585
2457605.8617545282 1.0000274077623343 49.998993
2457605.882186311 0.9999781962630483 49.984596
2457605.9026179933 0.9999704278560442 50.002563
2457605.9230495756 1.0000497817096319 50.00579
2457605.943481358 1.0000276779304242 50.056934
2457605.96391304 0.9999863197205732 50.044518
2457605.9843446217 0.9999848034132562 50.041695
2457606.004776404 1.0000373123389317 50.038788
2457606.025208086 0.9999974646165838 50.054302
2457606.045639667 0.999968374185134 50.05742
2457606.066071449 1.000006053275978 50.082966
2457606.0865031304 1.0000109941709792 50.05709
2457606.106934712 0.9999807080407508 50.07726
2457606.127366493 0.9999526242205438 50.068676
2457606.147798074 1.0000116285609446 50.05738
2457606.168229855 1.0000371097449254 50.07696
2457606.188661536 1.000017198007817 50.077557
2457606.209093217 0.9999819552695148 50.07147
2457606.2295248974 1.000002113157558 50.0863
2457606.249956578 0.9999884000241108 50.099754
2457606.2703882586 1.0000565675288347 50.080246
2457606.290819939 1.0001719929459272 50.094852
2457606.3112516194 0.99993024388738 50.078194
2457606.3316832995 0.9999515204221611 50.082714
2457606.35211498 0.9999762372230886 50.078293
2457606.37254666 1.0000464035270606 50.10214
2457606.39297834 1.000056689961345 50.114685
2457606.4134101197 0.9999565425006324 50.10711
2457606.4338416993 0.9999973812996527 50.11103
2457606.454273479 0.9999914643546027 50.117733
2457606.4747051583 1.0000429862345461 50.158646
2457606.495136738 1.0000288354740963 50.166866
2457606.515568517 1.0000404222084027 50.184967
2457606.5360001964 0.9999454475526794 50.195053
2457606.5564317754 0.9999981545266472 50.179882
2457606.5768635543 1.0000151198869487 50.20127
2457606.5972952335 0.9999809597424049 50.18948
2457606.617726812 1.000015242375411 50.19151
2457606.638158591 0.9999847070777594 50.23713
2457606.6585902693 0.9999727303203336 50.263813
2457606.679021948 1.0000142286597162 50.27678
2457606.6994536263 1.0000273879695634 50.287754
2457606.7198853046 0.9999915868217908 50.307224
2457606.740316983 1.000057711355827 50.311954
2457606.760748661 0.9999796823278351 50.30995
2457606.781180339 0.9999449811113573 50.308403
2457606.8016120167 1.0 50.30974
2457606.8220436946 0.9999210266432192 50.292835
2457606.8424753724 1.0000211474248515 50.309216
2457606.8629071503 0.9999375802339159 50.31956
2457606.8833387275 1.0000225618615293 50.314228
2457606.903770405 1.000005151259003 50.305088
2457606.9242021823 1.0000435034415143 50.316273
2457606.9446337596 0.9999853569194832 50.32359
2457606.965065437 1.0000624402805356 50.351124
2457606.985497214 0.9999757843391376 50.366985
2457607.0059287907 0.9999713328713582 50.379864
2457607.0263605677 1.0000158097379748 50.387077
2457607.046792244 0.999968550930901 50.410675
2457607.067223821 1.0000031752147998 50.400715
2457607.0876555974 1.0 50.396965
2457607.189813879 1.0 49.94722
2457607.210245655 0.999947356756468 49.92979
2457607.230677331 1.00005295635372 49.94945
2457607.251109007 1.000031073969992 49.95931
2457607.2715406823 0.9999931863447087 49.96103
2457607.2919723582 0.9999778433573723 49.95692
2457607.3124041334 1.0000036828005452 49.952682
2457607.332835809 1.0000200459739834 49.97796
2457607.353267384 0.9999714042061061 49.962612
2457607.3736991594 1.000034970041158 49.96381
2457607.394130835 0.99999657698773 49.984753
2457607.4145624097 0.999972838216154 49.997723
2457607.434994185 0.9999813954649986 50.006733
2457607.45542586 1.0000321094237457 50.005096
2457607.4758574343 0.9999801721157765 49.991814
2457607.496289209 1.0000250061397855 49.992203
2457607.516720784 1.0000274570268826 49.98559
2457607.7006059512 0.9999637479022104 50.127434
2457607.721037625 1.0000178895847829 50.174736
2457607.7414692985 0.9999991103223013 50.16896
2457607.761900972 0.9999803043124937 50.196808
2457607.7823326457 0.9999653827484264 50.173668
2457607.802764319 1.0000298774474166 50.201748
2457607.823195992 1.0000082944245219 50.183556
2457607.8436277653 0.9999925444587279 50.203354
2457607.8640593383 0.9999894582281913 50.19833
2457607.8844911116 0.9999841627435809 50.19043
2457607.9049227843 1.00003206284882 50.220154
2457607.9253543573 1.0000416344307086 50.224735
2457607.94578613 0.999979488506249 50.22357
2457607.966217803 0.9999918529669799 50.25082
2457607.9866493754 0.9999861129786128 50.250847
2457608.0070811477 0.9999559642385747 50.272816
2457608.0275128204 1.0000247572647099 50.289783
2457608.0479443925 1.000000977547028 50.28256
2457608.068376165 1.0000227689252856 50.30925
2457608.088807837 1.0000113585243748 50.314747
2457608.109239409 1.0000270738338024 50.3016
2457608.129671181 1.0000101989234722 50.31907
2457608.150102853 0.9999815157818713 50.342907
2457608.1705346247 1.000006291430282 50.31826
2457608.1909661964 1.0000061825591324 50.332638
2457608.211397868 0.9999759481705387 50.343987
2457608.23182954 0.9999589434515141 50.34816
2457608.252261211 1.0000777227206528 50.387093
2457608.2726928825 0.9999916937423113 50.377407
2457608.2931245537 1.0000375102322643 50.38286
2457608.313556225 0.9999709485642805 50.394943
2457608.3339878963 1.000015286751806 50.391716
2457608.3544195676 0.9999546437384573 50.40387
2457608.3748512384 0.9999157084084621 50.4077
2457608.41571468 1.0003794991786128 50.399498
2457608.436146251 0.9998955863130446 50.40653
2457608.4565779213 1.0000132574828713 50.39339
2457608.477009692 1.0000884697367358 50.438828
2457608.4974412625 1.0 50.42524
2457608.6608947236 1.0 50.010876
2457608.6813263935 1.0000001576346143 50.019302
2457608.7017580634 0.9999974512477658 50.019173
2457608.722189733 1.0000020205023574 50.023964
2457608.7426214023 1.000035859612183 50.02793
2457608.7630530717 0.9999632067683618 50.03236
2457608.783484741 0.9999685572768496 50.028748
2457608.8039165107 1.0000278509156404 50.03794
2457608.82434808 1.0000011303442702 50.031536
2457608.844779749 0.9999916919051584 50.04684
2457608.865211518 0.9999854893369688 50.047832
2457608.885643187 1.0000231828987332 50.057327
2457608.906074756 1.0000139538179715 50.061924
2457608.926506525 1.0000103804676022 50.082794
2457608.9469380938 0.9999629550795299 50.082035
2457608.9673697622 1.0000231319990698 50.080334
2457608.987801531 1.0000008274419456 50.06864
2457609.0082330992 0.9999907194255833 50.0769
2457609.0286647677 1.0000396779846181 50.07246
2457609.0490965364 1.0000094071174117 50.083668
2457609.0695281047 0.9999863045637221 50.068573
2457609.089959873 0.9999608781961811 50.063107
2457609.110391541 0.999998263991811 50.078068
2457609.1308231093 0.9999777033127637 50.075504
2457609.151254877 1.0000415940351939 50.07492
2457609.171686545 0.9999898598564205 50.09554
2457609.192118113 0.9999909624495283 50.078846
2457609.2125498806 1.0000019722958942 50.08543
2457609.2329815486 1.0000314795704552 50.10892
2457609.253413216 1.0000417658442884 50.095837
2457609.273844884 1.000047613233301 50.099873
2457609.2942765513 0.9999888992326695 50.08729
2457609.3147082184 0.9999615454846962 50.093315
2457609.335139886 0.9999482756397298 50.0921
2457609.355571553 0.9999858835275106 50.098736
2457609.376003321 1.0000036254264855 50.095295
2457609.3964349874 0.9999555912301662 50.097313
2457609.416866555 1.0000409432475472 50.104736
2457609.4372983216 1.0000057873839017 50.09232
2457609.4577299887 0.9999849608108006 50.094772
2457609.4781615557 1.0000287197038789 50.10333
2457609.4985933225 1.000049320747707 50.102978
2457609.519024989 1.000030362828003 50.09802
2457609.5394565556 1.0000356048608032 50.083637
2457609.5598883224 0.9999986511901192 50.097233
2457609.580319989 1.0000295302681566 50.10563
2457609.600751555 0.9999915514273267 50.1069
2457609.662046654 1.0 50.0716
2457609.6824783203 0.9999930659604922 50.110374
2457609.7029099865 0.9999151532768913 50.079376
2457609.7233416527 0.9999729052535472 50.08827
2457609.7437733184 0.9999777480424988 50.071983
2457609.764204984 1.0000199776272654 50.081524
2457609.7846366502 0.999965758007404 50.09135
2457609.805068316 1.0000122387788961 50.10365
2457609.8254999816 1.000002469968463 50.1107
2457609.8459316473 0.99998109859775 50.100483
2457609.8663633126 1.0000166504953332 50.133488
2457609.8867949783 0.9999615043695774 50.116077
2457609.9072267436 1.000006305949968 50.139698
2457609.9276583088 1.0000578900200146 50.1314
2457609.948090074 0.999997818295498 50.136715
2457609.9685217394 0.999944117787863 50.131466
2457609.9889533045 1.0000097351887762 50.148712
2457610.00938507 0.9999772056552069 50.166576
2457610.0298167346 0.9999821284326786 50.18406
2457610.0502482997 1.0000212386060725 50.19689
2457610.0706800646 1.0 50.202446
2457610.0911117294 1.0000133975655738 50.19139
2457610.111543294 0.9999572401672167 50.206123
2457610.131975059 0.9999895822055698 50.18356
2457610.1524067237 1.0000224279132888 50.188828
2457610.172838288 1.0000077425807758 50.19249
2457610.193270053 1.0000341373196284 50.194828
2457610.213701717 0.9999669796460657 50.187805
2457610.2341334815 1.000023317093401 50.161522
2457610.2545650457 1.000019986000267 50.170578
2457610.27499671 1.000043862149002 50.165413
2457610.295428474 0.999965815332031 50.14677
2457610.315860038 1.0000471437773752 50.158478
2457610.3362917025 1.0000330418984822 50.147053
2457610.3567233663 0.9999763003625465 50.145687
2457610.3771551303 1.0000216446756223 50.151413
2457610.397586694 0.999970732321844 50.156704
2457610.418018458 0.9999218373527333 50.156822
2457610.4384500217 1.0000197953365595 50.17511
2457610.4588816855 0.9998451934428058 50.164516
2457610.479313449 1.0000314765298541 50.16561
2457610.4997450127 0.9997379983604188 50.161224
2457610.520176776 0.9999977172025193 50.148014
2457610.5406084396 0.9999491111678185 50.16624
2457610.561040003 1.0003297244038598 50.175724
2457610.5814717663 0.99993641917964 50.14398
2457610.6019034297 1.000061831090542 50.147728
2457610.622334993 1.0000016113681633 50.172947
2457610.642766756 1.0000667589036965 50.171566
2457610.663198419 0.9999710689036386 50.17273
2457610.683629982 0.9999714940160018 50.158043
2457610.704061745 1.0 50.17951
2457610.724493408 0.9999805433908374 50.180218
2457610.7449251707 0.9999897419469653 50.15688
2457610.7653567335 0.9999728247105234 50.144535
2457610.7857883964 0.999923687462748 50.161556
2457610.806220159 1.000006503381458 50.17736
2457610.8266517217 0.999950205114041 50.175346
2457610.847083384 0.9999508540531798 50.18269
2457610.8675151467 1.0001122157094988 50.163765
2457610.887946809 0.9999984620816784 50.173695
2457610.908378372 1.000076034810349 50.18929
2457610.928810134 0.9999794140228596 50.185154
2457610.9492417965 1.000041984261502 50.18934
2457610.9696733584 0.9999816959846058 50.177406
2457610.990105121 0.9999932320452961 50.180817
2457611.010536783 1.000067387946478 50.163486
2457611.030968545 0.9999830942349937 50.167717
2457611.051400107 1.0000237987419724 50.14388
2457611.071831769 1.0000048663083372 50.133656
2457611.092263431 0.999817676632033 50.168053
2457611.112695093 0.9989460816926604 50.13997
2457611.1331267543 0.9988589566258221 50.131363
2457611.1535584163 0.9989413242434684 50.132793
2457611.173990078 0.9990139484254518 50.123646
2457611.1944216397 1.0 50.13029
2457611.2148534013 0.9996869061882597 50.134815
2457611.235285063 1.000170364556922 50.143528
2457611.2557167243 0.9999232247466261 50.130024
2457611.2761483854 1.0032375371951847 50.270515
2457611.296580047 0.9997821860232192 50.14777
2457611.317011808 1.0000863395153305 50.15677
2457611.3374433694 0.9999591254579995 50.152775
2457611.357875031 1.0001684001759408 50.152927
2457611.378306792 0.9999972439394228 50.14859
2457611.398738453 0.9999593480574669 50.15024
2457611.419170014 0.9999968524460483 50.15537
2457611.4396017753 0.9999801990257071 50.165627
2457611.4600334363 1.0000189582772405 50.163292
2457611.480464997 1.0000620991873421 50.14306
2457611.500896758 1.0001457490851746 50.144302
2457611.5213284185 1.0 50.14757
2457611.5417599794 0.9999665998731001 50.13426
2457611.6030551614 1.0000879241686755 50.100086
2457611.623486722 1.0000371462880504 50.085217
2457611.6439183825 1.000012346069041 50.122074
2457611.6643501427 1.0000370552690399 50.1159
2457611.684781703 1.0000278426344202 50.113163
2457611.7052133637 0.9999546840714594 50.10661
2457611.725645124 0.9999687150431686 50.108166
2457611.746076684 0.9999609244713225 50.117237
2457611.7665083446 0.9999973202567476 50.10698
2457611.786940105 0.999953936469506 50.10211
2457611.807371665 1.0000135882375611 50.114647
2457611.827803325 1.0000308648802718 50.116924
2457611.848234985 0.9999702157902607 50.1101
2457611.8686666447 0.9999868456857083 50.100586
2457611.889098405 1.000008055161392 50.11095
2457611.9095299644 1.0000210043792537 50.08945
2457611.9299616246 0.9999520768742587 50.095493
2457611.9503933843 1.0000183394639457 50.082344
2457611.970825044 0.9999598494172975 50.094414
2457611.991256604 1.000006772715437 50.08943
2457612.0116883633 1.0000426429048923 50.07444
2457612.032120023 0.9999931788956856 50.07342
2457612.0525515825 1.0000459924946061 50.079025
2457612.072983342 1.0000277326316247 50.076794
2457612.0934150014 1.000001608119961 50.06099
2457612.113846761 0.9999726628505132 50.064533
2457612.1342783202 0.9999416370017116 50.07329
2457612.15470998 0.9999712774267565 50.06798
2457612.175141739 1.0000257432561386 50.07237
2457612.1955732983 1.0000031257921935 50.081375
2457612.2160049574 0.9999790260964414 50.069935
2457612.2364367167 0.9999700960549993 50.068325
2457612.256868276 1.0000306519623086 50.08869
2457612.277299935 1.0000041059033482 50.068844
2457612.297731694 1.000025045849191 50.062298
2457612.318163253 1.0000091720153987 50.07244
2457612.338594912 0.9999734152459154 50.05354
2457612.359026671 1.0000090055743656 50.057068
2457612.3794583296 0.9999604899737723 50.02944
2457612.399889989 1.0000364154253767 50.042946
2457612.4203216475 1.0 50.046795
2457612.4407533063 1.0000018620045141 50.036102
2457612.461184965 0.9999986024989611 50.037327
2457612.4816166237 1.0000030406921514 50.035538
2457612.502048282 1.0000027832388814 50.0483
2457612.5224799407 1.0000062015654612 50.043396
2457612.5429115994 0.9999877480690716 50.046936
2457612.5633432576 1.0000427563949232 50.045326
2457612.5837749164 0.9999556047617444 50.045845
2457612.6042065746 1.0000143710221052 50.055458
2457612.624638133 1.0000168674885257 50.062298
2457612.645069891 0.999994997411118 50.06201
2457612.66550155 0.9999990786371341 50.05795
2457612.6859333077 0.9999893997144662 50.04918
2457612.7063648663 1.0000096077519698 50.05008
2457612.7267965246 1.00000329616941 50.050262
2457612.7472282825 0.9999943876881655 50.03624
2457612.7676598406 1.0000018941140625 50.042973
2457612.788091499 0.9999848427727002 50.038174
2457612.808523257 1.0000370696671366 50.030483
2457612.828954815 0.999975479731038 50.046883
2457612.8493864727 1.0000342743834911 50.0498
2457612.869818231 1.0000297531401974 50.030006
2457612.8902497888 0.9999382565300102 50.035095
2457612.9106815467 1.0000358152115103 50.034595
2457612.9311132045 1.0000051168265938 50.029385
2457612.9515448622 0.9999563421302335 50.03477
2457612.97197652 0.9999994257633539 50.049988
2457612.992408178 0.9999836495631347 50.053356
2457613.0128398356 0.999996129146935 50.052757
2457613.033271593 0.9999951564702992 50.045483
2457613.0537031507 1.0000189383613243 50.047054
2457613.074134808 0.9999977418460778 50.055744
2457613.094566566 0.9999489033188227 50.05707
2457613.114998123 1.000053055753104 50.045647
2457613.135429781 0.9999988716353473 50.06081
2457613.1558615384 0.9999879371527692 50.050514
2457613.1762930956 0.9999884523422193 50.050907
2457613.196724853 1.0000230498402085 50.05748
2457613.2171565103 1.0000024798801501 50.065464
2457613.237588068 0.9999964951861422 50.043667
2457613.258019825 1.0 50.054573
2457613.319314797 1.0 50.24489
2457613.339746354 1.0000182771485928 50.244076
2457613.360178011 0.9999659952540388 50.204586
2457613.380609768 0.9998527913806412 50.19038
2457613.401041325 0.9997906090163707 50.168953
2457613.5849263375 0.9999446480624242 50.089165
2457613.605358094 1.00001946559932 50.085384
2457613.6257896507 1.000022099427022 50.088062
2457613.6462213076 1.0000040159136494 50.077168
2457613.666653064 1.0000091909451438 50.07638
2457613.687084621 0.999963804952226 50.081932
2457613.7075163773 0.9999358456258545 50.077038
2457613.727948034 1.0000408490423924 50.074265
2457613.748379591 1.000023076263634 50.075245
2457613.7688113474 1.000008257839644 50.07362
2457613.789243004 0.9999863598168036 50.07652
2457613.8096745606 0.9999941047429095 50.07067
2457613.8301063166 1.0000206942229928 50.09101
2457613.850537973 1.0000395228955477 50.079624
2457613.8709696294 0.9999638315893747 50.076218
2457613.891401286 0.9999547508175282 50.06435
2457613.911832942 1.0000327737269676 50.089916
2457613.9322645986 0.9999915239252638 50.07868
2457613.952696255 0.9999630149338308 50.07263
2457613.9731279113 1.0000119110532606 50.06679
2457613.9935595673 0.9999617198234477 50.069508
2457614.0139912236 1.0000015275850953 50.07355
2457614.03442288 1.0000210876735134 50.07374
2457614.054854536 1.0000324905145113 50.084682
2457614.0752861924 0.9999455274669193 50.072628
2457614.0957178483 0.9999862063529354 50.069614
2457614.1161496043 0.9999599533485217 50.06469
2457614.1365811606 1.0000545531016536 50.074078
2457614.1570128165 1.000066543469061 50.06733
2457614.1774445726 0.9999723054184861 50.071697
2457614.197876129 0.9999619653508284 50.064743
2457614.2183078844 0.9999882223093034 50.0693
2457614.2387395403 1.000000409902163 50.066143
2457614.2591710966 1.0000102548464005 50.061337
2457614.2796028526 1.0000028955225453 50.061214
2457614.300034508 1.000014655450695 50.069286
2457614.3204660644 0.9999818800732924 50.06237
2457614.34089782 1.0000075265819472 50.06906
2457614.361329476 1.0000446079846785 50.075516
2457614.3817610317 0.9999493662541828 50.075874
2457614.4021927873 1.000010175850112 50.07076
2457614.422624443 0.999994557749194 50.071323
2457614.443056099 0.9999940290786054 50.083416
2457614.4634877546 0.9999582223749932 50.080837
2457614.4839194105 1.000042887551738 50.078766
2457614.504351166 1.0 50.090946
2457614.5452143773 1.0 50.187534
2457614.565646133 1.0000284425400554 50.191963
2457614.586077789 0.9999612084367405 50.1888
2457614.606509344 1.0000149575880488 50.176945
2457614.6269410998 0.9999972543968141 50.161457
2457614.647372755 1.0000358575224229 50.150433
2457614.667804311 1.0000053387693149 50.14306
2457614.6882360666 0.9999589701313716 50.15299
2457614.708667622 1.0000711243724116 50.14803
2457614.7290993775 0.9999596228208085 50.147385
2457614.749531033 0.9999761228180962 50.15073
2457614.7699625883 0.9999917198150965 50.13214
2457614.790394344 1.0001206978287844 50.115067
2457614.8108259994 1.0000237490745645 50.09838
2457614.8312575547 0.9999922756771783 50.11387
2457614.85168931 0.9999714264140559 50.102287
2457614.8721209653 1.0000088990137541 50.09568
2457614.8925525206 1.0000036111975448 50.091003
2457614.912984276 1.0000037533309354 50.08701
2457614.933415931 1.0000784228423667 50.091038
2457614.9538475866 1.000027943664135 50.089325
2457614.9742792416 0.9999834262553781 50.07255
2457614.994710897 1.0000122840437549 50.08197
2457615.015142652 1.000046731532739 50.09052
2457615.0355742075 0.9999956807713971 50.081554
2457615.056005863 1.0000130296306442 50.085842
2457615.076437618 0.9999744743229458 50.088528
2457615.096869273 0.9999830423262789 50.09132
2457615.1173008285 1.0000375754492876 50.097145
2457615.1377325836 0.9999718677936436 50.08606
2457615.1581642386 1.0000094220831353 50.08198
2457615.178595794 0.9999920191721829 50.085884
2457615.199027549 1.000199951817672 50.077995
2457615.219459204 0.9999341741742831 50.05908
2457615.239890959 1.0 50.034428
2457615.2807541694 0.9998724966590324 50.28323
2457615.3011859246 0.9999987126571095 50.26659
2457615.3216174794 0.9999918570794313 50.257145
2457615.3420491344 0.9999832768767196 50.221577
2457615.3624808895 0.9999394120260885 50.18855
2457615.5259341295 1.000041693688415 50.09349
2457615.5463656844 0.99998921372876 50.082386
2457615.5667973394 1.0000085297984926 50.0791
2457615.5872290945 0.9999429066292209 50.079365
2457615.6076606493 1.0000133242302813 50.083397
2457615.6280923043 0.9999921252872278 50.088425
2457615.648524059 0.9999803102346089 50.08779
2457615.668955714 1.0000066445179066 50.098454
2457615.689387269 1.0000076696457931 50.099422
2457615.7098190235 1.000027227190997 50.121227
2457615.7302506785 1.000277494297654 50.100376
2457615.7711139885 1.0 50.302692
2457615.791545643 1.0000691360647878 50.30253
2457615.811977398 1.0000382067845817 50.313805
2457615.832408953 1.0000113624542275 50.29038
2457615.8528406075 1.0000143019405332 50.26742
2457615.873272362 1.0000040948638242 50.239277
2457615.893703917 1.0000158360931914 50.219658
2457615.914135572 0.9999962980792856 50.229656
2457615.9345673267 0.999990188468344 50.213097
2457615.9549988816 1.000086981619705 50.203915
2457615.975430636 0.9999820260582771 50.193115
2457615.995862291 1.0000271222501111 50.187473
2457616.016293846 1.000061679020892 50.17126
2457616.0367256007 0.9999774325889159 50.168365
2457616.0571572557 0.9999568571042579 50.151375
2457616.0775889102 0.9999009338322488 50.158463
2457616.098020565 1.0000201779905102 50.156384
2457616.1184522198 1.0000530616250045 50.154503
2457616.1388838748 1.0001166812390072 50.1333
2457616.1593155293 1.0000147980875853 50.116776
2457616.1797471843 0.9999314692530699 50.118534
2457616.2001787387 0.9999251033416819 50.122948
2457616.220610494 1.0000577801260047 50.114555
2457616.2410421483 1.000078714882195 50.1231
2457616.261473903 0.9999986544191408 50.110317
2457616.281905458 1.00006439701186 50.10544
2457616.3023371124 0.9999963207887292 50.107323
2457616.3227688675 1.0000083063846086 50.10544
2457616.343200422 1.0000225562526495 50.098675
2457616.363632077 0.9999832299405008 50.10066
2457616.3840638315 1.0000769435067054 50.11297
2457616.4044953864 1.0000206229133746 50.108875
2457616.424927041 0.9999728486731247 50.115368
2457616.4453587956 1.0000052464627285 50.122597
2457616.4657903505 1.0001751874832396 50.11358
2457616.50665376 0.9999994647461966 50.30514
2457616.5270853145 0.9999917431554058 50.29219
2457616.547517069 1.000014640510434 50.264797
2457616.567948724 1.000015012214273 50.22515
2457616.5883803787 0.9999415011002571 50.21567
2457616.6088120337 0.9999685390420693 50.188137
2457616.629243688 0.999936879165567 50.19031
2457616.649675343 0.999881556475365 50.163006
2457616.6701069977 1.0000087469873582 50.172592
2457616.6905386527 0.9999900554702367 50.139214
2457616.7109704074 1.000073599848068 50.127106
2457616.731402062 0.9999023488902942 50.10761
2457616.7518336168 0.9999388381673947 50.12091
2457616.7722653714 0.9999720343508305 50.1248
2457616.7926969263 0.9998906169417225 50.104706
2457616.8131285813 0.9999894556789318 50.11328
2457616.833560336 0.9999280069419225 50.12655
2457616.853991891 0.9999388976487351 50.104412
2457616.8744235453 0.9998127047654353 50.118454
2457616.8948553 0.999957325042413 50.129707
2457616.915286855 0.9999619871429349 50.125217
2457616.93571861 0.9999593988442481 50.116776
2457616.9561502645 1.0 50.081318
2457616.997013574 1.0 50.347557
2457617.017445229 1.0000016094496575 50.28375
2457617.037876784 1.0000373146191774 50.248943
2457617.0583085385 1.000135838785175 50.199978
2457617.0787401935 0.9999545010606925 50.169598
2457617.099171848 1.0001174950905536 50.14966
2457617.119603503 0.9999754356981299 50.10633
2457617.140035158 0.999979320008446 50.11618
2457617.1604669127 0.9999685982339015 50.117073
2457617.1808984675 0.9999705578749388 50.107258
2457617.2013301225 1.0001240641510178 50.12248
2457617.221761877 1.0000428410498652 50.124332
2457617.2421934325 1.0000200183771661 50.138874
2457617.262625087 1.00001624066441 50.135162
2457617.283056842 1.0000597744997337 50.128178
2457617.303488497 1.0000816888718393 50.13111
2457617.323920052 1.0000157158223764 50.110615
2457617.3647834617 1.000022110362465 50.0491
2457617.3852151167 0.9999550428025481 49.98763
2457617.4056467717 1.0 49.786175
2457617.4873733916 1.0000764352712779 50.178146
2457617.5078051467 1.0000125161318048 50.16978
2457617.5282367016 1.000004950072177 50.178158
2457617.5486683566 1.0000677191644693 50.16338
2457617.5691000116 1.0000340564767112 50.143726
2457617.7325533526 1.0 50.29044
2457617.7529849075 1.0000061230812083 50.326485
2457617.773416563 1.0000320074712798 50.406334
2457617.793848318 0.9998170187425769 50.42545
2457617.814279973 0.9998211864013673 50.43705
2457617.8347115284 0.9998592501327549 50.433258
2457617.8551432835 1.0000830688718942 50.39434
2457617.8755749385 1.0000226135349408 50.37632
2457617.896006594 0.9999128375978449 50.3249
2457617.916438249 0.9999431694208081 50.310867
2457617.9368699044 1.00001321424116 50.288277
2457617.977733215 0.999954631149376 50.18919
2457617.9981648703 0.9998977091422496 50.16378
2457618.018596626 0.9999217312589265 50.171562
2457618.039028181 1.000008022181473 50.15716
2457618.059459836 0.9999649017401526 50.12788
2457618.079891592 0.9999769888531377 50.12088
2457618.100323147 0.999950833236978 50.122215
2457618.1207549027 0.9999500571348163 50.12149
2457618.141186558 0.9999508712946755 50.128757
2457618.1616181135 1.000072091354565 50.148037
2457618.182049869 1.0000988092687715 50.14201
2457618.22291308 1.0000347603677926 50.306976
2457618.2433448355 1.0000243595198317 50.29056
2457618.263776491 1.000028206623591 50.22723
2457618.2842080467 1.000027927527502 50.19844
2457618.3046398023 0.999993011383272 50.164013
2457618.325071458 0.9999581554681884 50.14219
2457618.345503113 1.0000043457921197 50.14374
2457618.365934769 0.9999843981025377 50.13879
2457618.3863664246 0.999955782501629 50.13484
2457618.4680931475 1.0000136219352962 50.307594
2457618.4885247033 1.0000415005997798 50.255505
2457618.5089563592 0.9999575039811381 50.22541
2457618.529388115 1.00001597496587 50.18709
2457618.5498196706 0.9999939160216372 50.172085
2457618.590683082 1.0000292639521466 50.145245
2457618.6111146384 1.000038808259974 50.128708
2457618.631546394 1.0000941721711083 50.1247
2457618.713273018 0.9998380563820848 50.149235
2457618.733704574 1.0000994506750063 50.163815
2457618.75413633 1.0000402511033166 50.157322
2457618.774567986 0.9999407238583373 50.154118
2457618.794999742 1.0001391013485739 50.13766
2457618.815431298 0.9998560727866563 50.099678
2457618.835862954 0.9998633838392802 50.056545
2457618.9584528916 1.0001193492720573 50.12381
2457618.978884648 1.0000686486859138 50.154907
2457618.9993162043 1.0000242049603492 50.142807
2457619.019747961 1.0000044464848794 50.16131
2457619.0401796172 1.0000331115764112 50.169624
2457619.162769556 1.0 49.980915
2457619.2036328693 0.9999524836275588 50.12387
2457619.2240645257 0.9999757284219619 50.133247
2457619.2444962827 1.0000123372581315 50.14563
2457619.264927839 1.0000582084096625 50.152855
2457619.285359496 0.9999956672858674 50.163906
2457619.3057912528 0.9999769090033607 50.169632
2457619.3262228095 0.9999359573317275 50.178913
2457619.3466544664 1.000031002882586 50.172997
2457619.367086223 1.0000461475050135 50.155144
2457619.38751778 1.0000204546272813 50.12797
2457619.407949437 1.0001307865127138 50.093536
2457619.4692445076 1.0 50.198032
2457619.4896761645 1.0000029569389848 50.183468
2457619.510107822 1.0000121722167872 50.17574
2457619.5305394786 0.9999158903607226 50.15286
2457619.550971136 1.0000030515334812 50.1575
2457619.571402793 0.9999603185089665 50.142025
2457619.5918345503 1.0001041694815278 50.151417
2457619.6122661075 0.9999070358875952 50.140877
2457619.632697765 0.999931178462532 50.149155
2457619.653129422 1.0001553901469908 50.152058
2457619.673561079 0.9999479104378772 50.13202
2457619.6939928364 0.9999851743715379 50.139374
2457619.714424394 0.9999460530783468 50.169918
2457619.7348560514 0.9999526483483083 50.170864
2457619.755287809 0.9999577069565228 50.179665
2457619.775719366 1.000014328503445 50.17969
2457619.796151024 1.0000252184042269 50.18089
2457619.8165827813 1.0000532677098117 50.18722
2457619.837014339 0.999942626591435 50.18884
2457619.8574459963 0.9999931094973256 50.185055
2457619.877877754 0.9999492647368767 50.17657
2457619.939172727 1.0001233032697119 50.160282
2457619.959604385 0.999939904237187 50.160484
2457619.9800360426 0.9999274360321353 50.144535
2457620.0004677004 0.9999503121844951 50.12805
2457620.020899358 0.9999508177811557 50.15197
2457620.0413310165 0.9999693780587364 50.165142
2457620.0617626742 1.0000852657878445 50.16726
2457620.0821943325 1.0000019108499887 50.177994
2457620.1026259903 1.0000093671679142 50.188328
2457620.184352623 0.9999526775790694 50.169384
2457620.204784381 1.000072681508919 50.16304
2457620.2252160395 1.0000850163386426 50.14906
2457620.2456475976 0.9999886766457995 50.15006
2457620.266079356 0.9999836667284802 50.14831
2457620.429532624 1.0000671963785732 50.15081
2457620.4499642826 0.9999437226053328 50.15568
2457620.4703958416 0.9998634856131472 50.150948
2457620.4908276005 0.9999920804163779 50.15651
2457620.511259259 0.9999227201127434 50.136368
2457620.531690918 0.9998803866739714 50.153397
2457620.5521225766 0.9999172136612668 50.17507
2457620.572554236 0.9999542048691582 50.17442
2457620.5929859946 0.9999585708818514 50.175278
2457620.613417654 0.9999507339332478 50.197865
2457620.674712631 1.0001031354377643 50.28152
2457620.6951441905 1.000160352548691 50.217583
2457620.7155759493 1.0000065790067283 50.180107
2457620.736007609 0.9999720691615842 50.17929
2457620.756439168 1.0000264851062934 50.15434
2457620.7768709273 1.0000137728570409 50.12567
2457620.9198925444 1.0000194304902712 50.163723
2457620.940324304 1.0000888898048168 50.176952
2457620.9607558637 1.000065184131451 50.135246
2457620.9811876235 1.0000005237507381 50.141212
2457621.0016192836 1.0000350436295637 50.1347
2457621.022050843 1.000076744144928 50.13811
2457621.0424826033 1.0001217011565438 50.19158
2457621.0629141633 1.000022113724964 50.192406
2457621.0833458235 1.0000388642260707 50.185444
2457621.103777583 1.0000095695237934 50.21488
2457621.1242091437 1.0 50.202065
2457621.165072564 1.0001273266180613 50.18611
2457621.185504224 1.0000422382291057 50.15897
2457621.2059358847 0.9999890980303319 50.145763
2457621.226367545 1.0000225772545233 50.151897
2457621.2467992054 1.0000412913226262 50.1502
2457621.267230866 1.0000441134806062 50.146004
2457621.308094187 1.0000192785497495 50.213093
2457621.3285259474 1.0000102580270798 50.205326
2457621.3489575083 1.0000063640009051 50.20474
2457621.4306842517 1.0 50.41431
2457621.4511159123 1.0000304986106672 50.39554
2457621.471547473 1.0000360671610604 50.408146
2457621.4919792344 0.9998942099018495 50.365482
2457621.5124108954 0.999952340028624 50.34677
2457621.532842457 0.9999122401628207 50.33288
2457621.553274218 1.0000689732185444 50.312042
2457621.573705879 0.9999344491582086 50.27093
2457621.5941375406 0.9999696251240429 50.259396
2457621.6145692016 0.999924452106895 50.2058
2457621.635000863 0.9998978221172654 50.190247
2457621.6554326247 0.9998788498153092 50.175144
2457621.675864186 0.9999250356652584 50.141373
2457621.6962958477 0.9999531468571828 50.142094
2457621.716727509 0.9999226129451185 50.134655
2457621.7371591707 0.9999580216083713 50.136185
2457621.7575908327 0.999935729615543 50.138844
2457621.778022494 1.0000284075484875 50.13233
2457621.798454156 0.9999934378661746 50.126537
2457621.818885818 0.9999502655934311 50.169144
2457621.8393175798 0.9999768202818045 50.184704
2457621.859749142 0.9999883825179819 50.191093
2457621.900612566 0.9999699611576351 50.290768
2457621.921044128 1.0000001230489888 50.21687
2457621.9414758906 1.000030040251743 50.207275
2457621.9619075526 0.9999975018121628 50.200626
2457621.982339115 1.0000144858990172 50.168842
2457622.0027708774 1.0001042523488979 50.144794
2457622.02320254 0.9999935008351359 50.135857
2457622.1457925155 1.0000174366146894 50.31756
2457622.1662242785 0.9999734433110877 50.271156
2457622.1866558413 1.00001554174757 50.245228
2457622.207087504 1.0000026139323157 50.20254
2457622.2275192672 1.0000333811446491 50.18198
2457622.2479508305 0.9999153943008969 50.148975
2457622.2683825935 1.0000158153983731 50.19383
2457622.2888142564 0.9999647360890643 50.143867
2457622.30924592 1.00004048937913 50.139645
2457622.329677583 1.0000878978473589 50.146057
2457622.3501092466 0.999964883127868 50.125362
2457622.37054091 0.9999736968433786 50.15482
2457622.3909725733 1.0000348142107693 50.18064
2457622.411404237 0.9999441510897596 50.186935
2457622.4318358004 0.9999613345699171 50.196472
2457622.4522675644 1.0000542276637432 50.217472
2457622.472699228 0.9999672539432055 50.203854
2457622.4931309917 0.9999562221869096 50.22558
2457622.5135625554 1.0000249251887188 50.221962
2457622.5339942197 0.9999666079973119 50.219875
2457622.5544259837 1.0 50.2202
2457622.63615254 1.0000383894388172 50.13672
2457622.656584204 1.000016318371483 50.13973
2457622.6770159686 1.0000057173055528 50.15042
2457622.6974475333 1.0000348519870061 50.16722
2457622.7178792977 1.0000172051736542 50.189743
2457622.738310962 1.0000763757101088 50.210827
2457622.7587425266 1.0000201321873912 50.22017
2457622.7791742915 1.0000070385646394 50.238
2457622.7996059563 1.0000313704954202 50.22806
2457622.820037621 1.0000136005750035 50.248882
2457622.881332616 1.0 50.337627
2457622.9017642806 1.0000045119914809 50.321255
2457622.922195946 1.0000216639913144 50.267426
2457622.942627711 1.0000011753520601 50.216454
2457622.9630593765 0.9999759298750173 50.21264
2457622.9834909416 0.9999926987777769 50.195816
2457623.003922707 0.9999880930679369 50.15789
2457623.024354372 1.000086681519816 50.156223
2457623.0447859378 1.000103035073485 50.156456
2457623.0652177036 0.9999911096611129 50.14084
2457623.1265127007 1.0002475775495965 50.971832
2457623.1469443664 1.0001535309930565 49.977932
2457623.1673760326 1.0 50.26688
2457623.1878076983 0.9999518575052864 50.326992
2457623.2082392643 0.9999865672870437 50.396133
2457623.3716926957 1.0001016243386913 50.212517
2457623.392124462 1.0000421651133262 50.19182
2457623.412556029 1.0000641221074713 50.2083
2457623.4329876956 1.0000476489768912 50.188736
2457623.453419463 1.0000386533109253 50.170322
2457623.6168729 0.9999746195593161 50.22365
2457623.637304468 0.9999764265273223 50.20097
2457623.6577361356 0.9999552256474711 50.212543
2457623.6781679033 0.9999955719948331 50.199905
2457623.698599471 0.9999730173488383 50.171078
2457623.719031239 0.9999835558358682 50.183212
2457623.739462907 1.000025040715686 50.16951
2457623.759894475 1.0000103651995023 50.19116
2457623.780326243 0.9999003767955041 50.17473
2457623.862052816 1.0000863728237648 50.1748
2457623.8824844845 1.0000247628416412 50.163044
2457623.9029162526 1.0000674729920715 50.16598
2457623.9233478215 1.0001079156296262 50.178017
2457623.94377959 1.0000337751412531 50.172203
2457623.9642112586 1.0000076739110697 50.20006
2457623.9846428274 1.0000206893309775 50.23186
2457624.0050745965 1.0000224031298333 50.236095
2457624.0255062655 1.0000471938432574 50.23701
2457624.0459379344 0.9999873309764657 50.26717
2457624.107233042 0.9999247330713578 50.370457
2457624.127664611 0.9999733789539602 50.340435
2457624.148096281 1.0000923075273114 50.32143
2457624.16852805 0.9999569673516707 50.298298
2457624.18895972 1.0000190186718267 50.25552
2457624.20939129 0.9999437669779573 50.220097
2457624.2298230594 0.9999351320261266 50.226906
2457624.2502547293 0.9999659677017653 50.22694
2457624.270686299 0.9999305865643485 50.203224
2457624.291118069 0.9998868839096753 50.205147
2457624.311549739 0.9998757532101162 50.20152
2457624.3319815095 0.999922344581715 50.192947
2457624.3524130797 0.9999618994004665 50.18728
2457624.37284475 0.9999996756126571 50.215816
2457624.39327652 0.99997745603185 50.22852
2457624.413708091 0.9999657150856246 50.234634
2457624.434139761 1.0000038157581712 50.250565
2457624.475003103 1.0 50.28095
2457624.4954347736 1.0000900917290263 50.28245
2457624.515866544 1.0001574557663124 50.297184
2457624.5362981153 1.0000983076253391 50.300564
2457624.556729886 1.0 50.29485
2457624.5975931287 0.9999057888356792 50.2133
2457624.6180249 0.9998322729935606 50.200783
2457624.6384564713 0.9999921505293222 50.19653
2457624.6588881426 1.0000122507507154 50.188087
2457624.6793199144 0.999856966076268 50.203762
2457624.6997515857 0.9998134876407828 50.222622
2457624.7201832575 0.9998377043057843 50.22552
2457624.7406149292 0.9998361672685575 50.238987
2457624.761046601 0.9997419854232253 50.26195
2457624.781478273 0.9997623958796388 50.27517
2457624.8019099454 0.9998816678186571 50.286125
2457624.8427733895 0.9999260627347287 50.380547
2457624.8632049616 0.9999292398876178 50.278
2457624.8836366343 0.999957482634605 50.252296
2457624.9040684067 1.0000264232275242 50.244534
2457624.9244999792 0.9999646472150301 50.213634
2457625.0879534627 0.9999228906025899 50.24043
2457625.108385236 1.0000522640292626 50.248676
2457625.1288168095 0.9999578279184674 50.204556
2457625.149248483 1.0000273935848103 50.21306
2457625.169680257 1.000132205605205 50.192257
2457625.1901118304 0.9999331847942835 50.206738
2457625.210543504 1.0000752364727175 50.221542
2457625.230975178 1.000326670994975 50.256332
2457625.251406852 1.0001673322411673 50.278164
2457625.3331336486 1.0000801727446111 50.235966
2457625.353565323 1.0000410313314783 50.24055
2457625.3739968976 1.000069417069887 50.244114
2457625.3944286723 1.0000393857879593 50.2164
2457625.414860347 1.000034519018866 50.205482
2457625.5783137474 1.0 50.46533
2457625.598745423 1.0000038376083076 50.432358
2457625.6191771985 0.999969776715821 50.410885
2457625.6396087743 1.0000642364581722 50.38855
2457625.6600404503 1.0001004017944113 50.336533
2457625.680472226 1.0000367927892733 50.32206
2457625.700903802 1.0001498373467863 50.29289
2457625.7213355782 0.999940482957067 50.26119
2457625.741767254 0.9998609127826016 50.25968
2457625.7621988305 1.0000135515568818 50.237896
2457625.782630607 1.00012851178309 50.21933
2457625.8030622834 1.0000149769921034 50.217693
2457625.82349396 0.9999581655745625 50.228218
2457625.8439256363 1.0000004862884129 50.220642
2457625.864357313 1.0000061506268227 50.229065
2457625.88478899 1.0000898354398147 50.2601
2457625.905220667 1.0001017511904444 50.26765
2457625.925652344 1.0000831173325089 50.295513
2457625.946084021 0.9999930610384483 50.299553
2457625.9665156985 0.9999057980522562 50.320343
2457625.9869473753 0.9999889365648429 50.328167
2457626.007379053 1.0000157080751433 50.329567
2457626.0278107305 1.0 50.351284
2457626.068674186 0.9999561937314797 50.237297
2457626.0891057635 1.0000111911012939 50.2406
2457626.1095375414 0.9999690008237374 50.229713
2457626.129969219 1.0000394552416072 50.235466
2457626.1504007974 0.9999073504197049 50.27208
2457626.1708325758 0.9998764407011523 50.28614
2457626.3138543256 0.9999881530412403 50.399284
2457626.334286105 0.9999231663159458 50.37337
2457626.354717684 0.9999899133524898 50.315273
2457626.375149363 0.9999398820612747 50.29286
2457626.3955811425 1.0000263115216848 50.276196
2457626.4160127216 0.9999791419964109 50.23991
2457626.4364444013 1.0000477784271409 50.239178
2457626.4568761806 0.99997500692681 50.23864
2457626.4773078603 0.9999827418788733 50.224987
2457626.5590345804 1.0000121979223382 50.39728
2457626.5794662605 0.9998596568540946 50.35706
2457626.5998979406 1.0000097062193392 50.31803
2457626.6203296212 1.000022746778481 50.28201
2457626.640761302 0.9999612332737985 50.27394
2457626.742919706 1.0000225773381421 50.267277
2457626.763351387 1.0000750494140107 50.29857
2457626.8042147495 0.999966840909526 50.393448
2457626.824646431 1.0001572799599239 50.350864
2457626.845078212 0.9999383432926988 50.32405
2457626.865509794 1.0000076549638302 50.2848
2457626.8859415757 1.0000857607968083 50.266293
2457626.9063732577 0.9999581767476694 50.24617
2457626.9268048396 1.0000370074817742 50.25848
2457626.9472366218 0.9999933058133023 50.25648
2457626.967668304 0.9999975407007737 50.254147
2457626.988099986 0.9999817807234641 50.303062
2457627.0493951337 0.9999798322386306 50.25007
2457627.0698267166 1.0000172104914018 50.247383
2457627.0902583995 1.000023459242907 50.24893
2457627.110690182 1.0000579104164515 50.26572
2457627.1311218655 0.9999444744771471 50.299862
2457627.1515534483 1.0000975757468116 50.337036
2457627.171985232 1.0000347706986796 50.350346
2457627.192416915 1.0000775337459988 50.34544
2457627.2945753336 1.0 50.48996
2457627.315006918 0.9999320693948347 50.491287
2457627.335438702 1.0000147454906834 50.484337
2457627.355870386 1.0000658384445131 50.416782
2457627.3763019703 1.0000312602233277 50.426018
2457627.396733755 1.0000608856009416 50.38508
2457627.4171654396 1.0000641931257506 50.349457
2457627.437597224 1.0000286005296308 50.33446
2457627.458028809 1.000204797443006 50.289726
2457627.478460494 0.9999465526728214 50.287243
2457627.498892279 1.0000139586662318 50.273
2457627.519323864 1.0000801140547317 50.257385
2457627.5397555493 0.9999957337923205 50.249424
2457627.5601873347 1.000040307912971 50.259277
2457627.5806189203 0.999994702665657 50.25812
2457627.6010507056 1.0000517745480009 50.252914
2457627.6214823914 0.9999956450020822 50.267197
2457627.6419139775 1.0000467789364638 50.295685
2457627.6623457633 1.00003506084719 50.327885
2457627.6827774495 0.9999303996290502 50.33324
2457627.7032091357 1.000004934987221 50.357483
2457627.7849358814 0.99997323155952 50.441875
2457627.866662629 0.9999763969367993 50.308414
2457627.887094416 1.000011639391979 50.288567
2457627.9075261033 0.9999602409112699 50.286583
2457627.927957691 1.0001072668193758 50.27494
2457627.9483894785 1.0000057079101554 50.26058
2457627.968821066 0.9999836635802766 50.27285
2457628.0301161297 0.9999528446563529 50.373245
2457628.050547918 0.9999826937087856 50.34565
2457628.0709796064 1.0000180710631765 50.324173
2457628.0914111943 0.9998652245944766 50.304115
2457628.111842983 0.9999287141382464 50.288315
2457628.1322746715 0.99993171985524 50.270706
2457628.1527062603 0.9999800014097447 50.27226
2457628.173138049 1.0000196680664413 50.274166
2457628.275296595 1.0000196918706539 50.301025
2457628.2957281847 1.0000067143412084 50.275772
2457628.316159874 0.9998953857144537 50.263847
2457628.3365916642 0.9999849698231371 50.279125
2457628.357023354 0.9999222213466452 50.273853
2457628.377455044 1.0000247663475503 50.290802
2457628.3978867345 0.9999593641632971 50.32044
2457628.4183184244 1.0000191954589144 50.328537
2457628.438750115 1.000019606765014 50.355003
2457628.4591818056 1.0 50.366585
2457628.5204768777 1.0000071114220181 50.456577
2457628.540908569 1.0000658556955746 50.400585
2457628.56134036 1.0000047129067853 50.341347
2457628.581771951 1.000003151214852 50.338894
2457628.6022037426 1.0000244630519284 50.30034
2457628.7656572782 1.0 50.74678
2457628.7860889705 1.0000367538778925 50.720043
2457628.8065205636 0.9999991665204778 50.581635
2457628.826952356 0.999950093097122 50.513012
2457628.847384049 1.0000669725962688 50.4582
2457628.867815742 1.0000383728116675 50.366535
2457628.888247435 0.9999658633797598 50.311733
2457628.908679128 0.9999833491645673 50.26614
2457629.0108376965 1.0 50.59549
2457629.0312692905 0.9999924360761215 50.542427
2457629.0517010847 0.9999830790650401 50.48548
2457629.072132779 0.9999961789184638 50.38818
2457629.0925643733 0.9999034249299068 50.334915
2457629.276449829 0.9998830966452501 50.212612
2457629.2968814243 0.9999924033179255 50.226776
2457629.3173132204 0.9999447140386647 50.20951
2457629.337744816 0.9999572355107651 50.193066
2457629.460334995 0.999966048224102 50.19091
2457629.5011984883 1.0000584026220425 50.52005
2457629.5216301857 0.9999426151614966 50.459404
2457629.542061883 1.0000530967618488 50.40881
2457629.5624935804 0.9999966633782055 50.342216
2457629.5829252778 0.9999749189481542 50.320366
2457629.6033569756 1.0000103995909122 50.294342
2457629.6237886734 0.9999651726314726 50.2435
2457629.6442203713 0.999999662194075 50.233227
2457629.6646520696 1.000016893159777 50.22284
2457629.6850837674 1.0000046705978096 50.220272
2457629.705515566 1.000004475561792 50.21825
2457629.7463788628 0.9999388152018537 50.50165
2457629.7668106616 1.0000767277935791 50.410923
2457629.7872423604 0.9999844827585733 50.346676
2457629.8076739595 1.000028633320114 50.31576
2457629.828105759 0.9999519861499987 50.26143
2457629.991559357 0.9999893679687412 50.392002
2457630.011991057 1.000069159557909 50.348686
2457630.0324227577 1.0000177542682527 50.29174
2457630.0528544583 1.0000112110114416 50.248924
2457630.073286159 1.0000521235497006 50.231262
2457630.09371796 1.0000390659215286 50.235283
2457630.114149561 0.9999991138939706 50.224926
2457630.1345812622 0.9999877838339978 50.211014
2457630.1550130635 0.9999868970065185 50.213005
2457630.175444765 1.0000527654959148 50.220234
2457630.195876367 1.0000475300706502 50.215614
2457630.2367398706 1.0000247253016699 50.282864
2457630.2571715727 1.000019148201795 50.251827
2457630.2776032747 1.0000733628676715 50.237255
2457630.298034977 1.000037845650609 50.22685
2457630.3184667793 1.000077379767048 50.22749
2457630.338898382 1.0000130356131356 50.2218
2457630.420625194 0.9999517336911221 50.21713
2457630.441056997 1.0000332801436647 50.194946
2457630.4819204044 0.9999962044731808 50.23041
2457630.502352108 0.999934645768531 50.229343
2457630.5227837116 1.0000003487651385 50.22347
2457630.543215516 0.9999145311579917 50.21971
2457630.56364722 1.000088883667573 50.212452
2457630.6045106286 0.9999512928359775 50.205902
2457630.6249423334 1.0 50.14689
2457630.645374138 0.9999234079783069 49.9492
2457630.7271008585 1.000035444085112 50.29611
2457630.7475325637 0.9999104730974777 50.256733
2457630.7679642695 0.999991403323914 50.239323
2457630.7883959753 0.9999906701081953 50.24186
2457630.808827681 1.0000144669590774 50.23994
2457630.829259387 1.0000330011015526 50.228237
2457630.8496910934 1.0000013984662506 50.22191
2457630.8701228998 0.999959086813997 50.22432
2457630.890554606 1.0000037207557693 50.216763
2457630.9109862125 0.9999338572140288 50.214134
2457630.9722813335 1.0001596968096442 50.259125
2457630.992713141 1.0000157751825232 50.250603
2457631.013144848 0.9999524216142205 50.25796
2457631.0335766557 0.9999695777344152 50.23358
2457631.054008263 0.9999415992857864 50.243362
2457631.074439971 1.0000051543235502 50.23055
2457631.094871779 1.0000596813162848 50.229256
2457631.115303387 0.9999221294458621 50.21814
2457631.1357350955 1.000025494223297 50.173176
2457631.1561669037 1.0000799100373041 50.060158
2457631.176598512 1.0 49.655415
2457631.21746203 0.9999953453331811 50.348812
2457631.2378936387 0.9999666071624868 50.309246
2457631.258325448 0.9999831596477835 50.28981
2457631.2787571573 1.000070208579681 50.266556
2457631.2991887666 0.9999837509229365 50.255146
2457631.4626425477 1.0 50.37868
2457631.483074258 1.000038792110039 50.332714
2457631.5035059694 0.9999873905777908 50.28517
2457631.5239376803 1.0000311947770093 50.270077
2457631.5443694917 1.0000116999535504 50.26722
2457631.605664626 1.0000130724651726 50.226032
2457631.626096238 1.0000497477137973 50.230415
2457631.707823187 0.9999933647940664 50.27814
2457631.7282549 1.0000093728008759 50.256535
2457631.7486865125 0.9999965386925999 50.25421
2457631.7691183253 1.0000470488441415 50.246204
2457631.7895500385 1.0000173999691668 50.253048
2457631.809981852 0.9999801383318546 50.24929
2457631.8304134654 1.0000194242284133 50.2585
2457631.8508451786 0.9999853629035409 50.246014
2457631.8712769924 0.999982982142869 50.2448
2457631.8917086064 1.000074098471178 50.23789
2457631.9121403205 1.0000400440779549 50.221687
2457631.9530037493 0.9999899421054808 50.265797
2457631.9734355635 0.999991215876063 50.27053
2457631.993867278 0.999962428675413 50.257553
2457632.014298993 1.0000320002042065 50.24821
2457632.034730708 0.999986502544491 50.24907
2457632.1981845335 0.9989441879851042 50.278217
2457632.21861615 0.9989278023810984 50.265118
2457632.2390478663 0.9989124800108179 50.24741
2457632.2594796834 0.9990697798814324 50.241882
2457632.2799113 0.9995502505954527 50.234116
2457632.443365141 1.0 50.33208
2457632.4637967595 1.0000550148593343 50.299328
2457632.484228578 0.9999661223770068 50.2676
2457632.5046602963 0.9999510416927516 50.258297
2457632.525092115 1.00005146707596 50.261448
2457632.5455237343 0.9999258312169865 50.25992
2457632.5659554536 0.9999205660936121 50.261135
2457632.586387273 0.9999867825788837 50.268105
2457632.606818892 0.9999409404768879 50.247738
2457632.627250612 1.0000654494392123 50.260845
2457632.6476824316 1.0000131534667984 50.23517
2457632.6885458715 1.0000194373522155 50.29192
2457632.708977592 0.9999710790451003 50.26089
2457632.7294093124 1.0000619623239952 50.263824
2457632.749841033 0.9999784749459757 50.2403
2457632.7702727537 0.9999534990101764 50.253887
2457632.790704475 0.9999673543824446 50.265923
2457632.811136196 0.9999943943350472 50.26265
2457632.831567917 0.9999488067589373 50.255814
2457632.8519995385 0.9999954777901913 50.2528
2457632.87243136 0.9999808296206442 50.22178
2457632.9337265263 0.9999770851341081 50.272564
2457632.9541582484 1.0000180810232024 50.242744
2457632.974590071 0.999972356151799 50.26523
2457632.9950216934 1.0000194434054004 50.266094
2457633.0154534164 1.0000142129592522 50.25718
2457633.035885239 1.0000003281616312 50.25398
2457633.0563168623 0.9999398092676767 50.247593
2457633.0767486854 1.0 50.16227
2457633.1789073045 0.9999936766370522 50.29654
2457633.199339029 0.9999712696566632 50.28748
2457633.2197707533 0.9999774735614084 50.26873
2457633.240202578 0.9999597898344709 50.253212
2457633.260634203 1.0000738051239473 50.26495
2457633.4240881074 0.9999331293510964 50.3129
2457633.4445197335 1.0000053547648204 50.30301
2457633.4649515604 1.000023047841998 50.269257
2457633.485383287 1.0000461147758868 50.26686
2457633.5058149137 1.0000118613328781 50.280422
2457633.526246741 1.0000117946321878 50.26593
2457633.546678468 0.999992824055105 50.26284
2457633.5671100956 1.0000987702422643 50.26049
2457633.587541923 1.0001122464493073 50.274532
2457633.6079736506 1.0000374811140196 50.28007
2457633.628405479 1.0000607861243975 50.26785
2457633.669268835 0.9999590724944044 50.29907
2457633.689700663 1.0000257895584082 50.28816
2457633.710132292 0.9999682012625669 50.282093
2457633.7305640206 0.9999836164378373 50.256985
2457633.7509958497 1.0000468384385934 50.257923
2457633.7714274786 1.0000136645080733 50.26543
2457633.791859208 1.0000683542500064 50.283134
2457633.9144496876 0.9999918531264308 50.290874
2457633.934881418 1.0000924030005067 50.28755
2457633.955313149 0.9999682580335723 50.2764
2457633.9757449795 1.000036648636623 50.268517
2457633.9961766107 1.0000266227035635 50.264404
2457634.0166084417 0.9999531700767027 50.273396
2457634.037040173 0.9999807440634267 50.27997
2457634.057471805 0.999927873547321 50.271847
2457634.0779036367 1.000069836726479 50.26996
2457634.0983352684 0.9999286448970413 50.27847
2457634.1187670007 1.0 50.25082
2457634.1596304653 1.0000893234065849 50.699238
2457634.180062298 1.0000439847586307 50.636044
2457634.200494031 0.9997588617180279 50.56608
2457634.220925664 0.999932658102091 50.50583
2457634.2413574974 0.999883530190027 50.421528
2457634.2617892306 0.9997177665101433 50.37212
2457634.282220864 0.9996239767614895 50.316666
2457634.4048114694 1.0000104625390065 50.47812
2457634.4252431043 1.0000389453241747 50.379642
2457634.445674839 0.9999086998847537 50.328335
2457634.466106674 1.0000192920322388 50.305443
2457634.4865383096 0.9998838176876735 50.2835
2457634.506970045 0.9999989506859585 50.2815
2457634.527401881 0.9999518031137348 50.289886
2457634.547833617 0.9999211894025246 50.27905
2457634.6499922993 0.9999953752831291 50.312874
2457634.670424036 1.0000319704837315 50.3053
2457634.6908558733 1.0000339959809705 50.272724
2457634.7112875106 1.0000133813175602 50.273518
2457634.7317193486 1.000052151155383 50.270233
2457634.752151086 0.9999755130759651 50.28648
2457634.772582724 0.9999705706449515 50.281803
2457634.793014562 1.0000054892313721 50.297775
2457634.8134462005 1.0001304473093866 50.28988
2457634.833877939 1.0000736502212397 50.271725
2457634.8951731557 1.0000076659249009 50.27811
2457634.9156049946 0.9999390820948926 50.283703
2457634.9360366343 1.0000339612098308 50.282333
2457634.9564684737 0.9999540678537165 50.282707
2457634.976900214 1.0000517865635907 50.302757
2457634.9973318535 0.9999340363167111 50.299084
2457635.017763694 0.9999318275798511 50.29215
2457635.140354139 1.0000292581707617 50.472614
2457635.1607858804 1.0000377496128474 50.471767
2457635.1812177217 1.0001278641248008 50.428436
2457635.2016494637 0.9999150794662386 50.398125
2457635.2220811057 1.0000264130190306 50.378086
2457635.385535149 1.0 50.70634
2457635.405966993 1.000103737422162 50.62245
2457635.426398637 0.9999036500006561 50.593586
2457635.446830381 1.0000360097588625 50.5691
2457635.4672621256 0.9998951844097083 50.49964
2457635.48769387 1.0000094504676624 50.45914
2457635.630716187 1.0 50.811295
2457635.651147833 0.9998981514340832 50.794426
2457635.6715796795 1.0000655717146516 50.788574
2457635.6920114257 1.000076470859429 50.714825
2457635.7124431725 1.0000338614473152 50.65854
2457635.732874919 0.9999528933424519 50.608917
2457635.7533066664 0.9999720936542973 50.58767
2457635.7737384136 1.0000689832621001 50.503258
2457635.7941701612 1.0000197864461342 50.45062
2457635.814601909 1.0000469872285116 50.419064
2457635.8350337567 1.0000552002482526 50.35783
2457635.855465505 0.9999525119683964 50.333637
2457635.875897153 1.000029421646687 50.31195
2457635.896329001 0.9999226183221441 50.31712
2457635.91676075 1.000024243131168 50.314236
2457635.9371923986 0.999942773921377 50.30481
2457635.9576242478 0.9999639276988627 50.3188
2457635.978055997 0.9999642480107258 50.336353
2457635.998487646 1.0000009361558082 50.32182
2457636.018919496 1.0001086968045543 50.32859
2457636.0393512454 0.9999999392022408 50.320946
2457636.0597830955 1.0 50.305187
2457636.1210782467 0.9999636635969983 50.655525
2457636.1415099977 1.0000221924926749 50.598225
2457636.1619417486 1.0000262859377784 50.548683
2457636.1823735 1.0000185834504216 50.477108
2457636.2028052513 0.9999389719312902 50.406887
2457636.223237103 0.9999450418156421 50.386307
2457636.2436687546 1.0000403465221972 50.332638
2457636.2641005064 1.0000236145629497 50.313484
2457636.284532359 1.0000101068506668 50.311672
2457636.304964011 0.9999725633803768 50.318512
2457636.3662592694 1.0000118028316605 50.332703
2457636.386691123 0.9999842595524818 50.323315
2457636.407122876 0.9999990632908974 50.328163
2457636.4275546297 1.000068141228307 50.32556
2457636.4479863835 0.9999737384713399 50.322006
2457636.468418137 1.00000052416576 50.337463
2457636.4888498913 0.9999530676487581 50.349266
2457636.509281646 0.9999812217732476 50.33309
2457636.5297134006 0.9999843146179668 50.323418
2457636.6114405207 1.0000132916036257 50.34457
2457636.6318722763 0.9999923083647424 50.32316
2457636.6523039322 1.0000619370852346 50.334957
2457636.6727357884 1.0000344090011752 50.32428
2457636.6931675444 1.0000513509495343 50.333763
2457636.713599201 0.9999118276646098 50.33916
2457636.7340310575 0.9999308844878896 50.34286
2457636.7544628144 1.0000435909284622 50.29249
2457636.7748946715 1.0 50.262333
2457636.8566216016 0.999943223607406 50.826263
2457636.87705326 1.0000366531324354 50.812183
2457636.897485118 1.0000384012235397 50.772224
2457636.9179168763 0.9999865102086093 50.704433
2457636.938348735 1.000008408722184 50.6358
2457637.101802812 1.0 50.62841
2457637.1222345727 0.9999872120899855 50.691807
2457637.1426663334 0.9999745453058936 50.75002
2457637.1630980945 1.0000133864670602 50.792706
2457637.1835298557 0.9999664274386746 50.827225
2457637.203961617 1.0001021654445128 50.838497
2457637.2243934786 0.9999842419970242 50.845257
2457637.24482514 0.9999941358640246 50.84585
2457637.265256902 0.9999469092217722 50.820557
2457637.2856887644 1.000032896932744 50.802357
2457637.306120427 1.000007649534858 50.74613
2457637.3265522895 1.0000625642245298 50.722015
2457637.3469840526 1.0000506214566953 50.650436
2457637.3674157155 0.9999015773701806 50.636974
2457637.3878475786 1.0000965309178202 50.58628
2457637.408279342 0.9999830545984254 50.525024
2457637.428711006 1.0000521705349092 50.496857
2457637.5921652233 0.9999314111196471 50.779705
2457637.6125969887 1.0000265528896182 50.763103
2457637.6330287545 1.0000413685003844 50.675026
2457637.6534606204 0.9998935822848802 50.654003
2457637.6738922866 1.0000375086866982 50.584427
2457637.8373465245 0.999892882812844 50.693893
2457637.8577782926 1.0000513735966228 50.659184
2457637.878210161 0.9999628394928286 50.581566
2457637.8986418294 0.9999719981246665 50.545986
2457637.9190735985 0.9999200697553619 50.48321
2457637.939505467 0.9999932697473499 50.456173
2457637.9599371366 0.9998970705110044 50.390182
2457637.980368906 1.0000542130489358 50.373024
2457638.000800776 1.0000282216724903 50.353676
2457638.0212324457 0.9999063246788699 50.35008
2457638.041664316 0.999928205923264 50.364723
2457638.0825277567 0.999995067795995 50.50214
2457638.1029596278 0.9999630903131738 50.45031
2457638.1233913987 1.0000309985351783 50.4563
2457638.14382307 0.9999005588823179 50.39568
2457638.164254941 1.0000431296390477 50.3881
2457638.32770912 1.0000804725741514 50.50764
2457638.348140894 1.0000438615943885 50.445652
2457638.3685727674 1.0000711469516141 50.40667
2457638.3890044414 1.0000568665104446 50.36737
2457638.409436215 1.0000636715493607 50.37741
2457638.4298680895 1.0000202502706936 50.359524
2457638.450299864 1.0000845868687978 50.35971
2457638.4707315387 1.0001383124720151 50.382298
2457638.491163414 0.999966944101318 50.372246
2457638.511595189 1.0000593719296822 50.38252
2457638.572890516 1.0000696966678553 50.609474
2457638.593322392 1.0000656837205202 50.595634
2457638.613754068 0.9999984930387245 50.52125
2457638.6341858446 0.9999927395216939 50.50846
2457638.654617721 1.0000173393439664 50.448387
2457638.8180719432 0.9999660369393704 50.674656
2457638.838503722 1.00003639956198 50.598537
2457638.858935501 0.9999593031564192 50.557594
2457638.8793672803 1.0000796614889294 50.50559
2457638.8997990596 1.000046772194743 50.47517
2457638.9202308394 1.0000634561628494 50.426865
2457638.940662619 1.0000025662609637 50.40341
2457638.9610943994 0.9999919457176009 50.381096
2457638.9815261797 0.9999845665481866 50.385887
2457639.063253303 1.0 50.845913
2457639.0836850847 0.9999589784963867 50.82123
2457639.1041169665 1.0000630257246015 50.790085
2457639.124548648 0.9999786820982631 50.749664
2457639.1449805303 1.0001158494496887 50.7216
2457639.165412313 0.9999895198067333 50.69412
2457639.1858439953 0.9999248007927457 50.69328
2457639.206275878 0.9999260978209552 50.64351
2457639.226707661 0.9999694301491786 50.612694
2457639.2471393445 0.9999731282350921 50.553898
2457639.267571228 0.9998798909393495 50.514214
2457639.2880030116 1.0000517721041184 50.483257
2457639.3084348957 0.9999172616952018 50.445904
2457639.32886658 0.9999477801178097 50.419167
2457639.3492983645 0.9999774206097555 50.39866
2457639.369730249 1.0000100014804318 50.390884
2457639.390161934 0.9999852453513287 50.382336
2457639.5536163216 1.0000158802096426 50.46077
2457639.5740480083 0.9999881292618289 50.428867
2457639.5944798957 1.0000231174865784 50.379074
2457639.614911683 1.000031763009746 50.37278
2457639.635343371 1.0000392063492443 50.382988
2457639.655775259 1.000024176652999 50.393337
2457639.676207047 0.9999876307970499 50.393406
2457639.696638835 1.0000507485765127 50.412674
2457639.7170706238 0.9999217534662076 50.42066
2457639.7375024124 0.999940001278904 50.436558
2457639.7579343016 1.0 50.38541
2457639.7987977806 0.9999994153022792 50.420662
2457639.8192296703 0.9999965519309767 50.395874
2457639.8396613603 0.9999795291665465 50.401363
2457639.8600932504 0.9999613637006296 50.414135
2457639.880525041 0.9999145222704388 50.40958
2457639.9009567318 0.9999432402529915 50.41121
2457639.921388623 0.999947106782072 50.413166
2457639.941820414 0.9999818509544334 50.409748
2457639.962252105 0.9999164860555455 50.41171
2457639.982683997 1.000048410642679 50.4153
2457640.003115789 1.0 50.385777
2457640.0439793733 0.9999871089695558 50.542576
2457640.064411166 0.9999849887767068 50.502068
2457640.0848430586 1.0000132749311046 50.46445
2457640.105274752 0.9999743038768155 50.41933
2457640.125706545 1.0000197207316723 50.40367
2457640.2891609003 1.0000186362626482 50.503674
2457640.309592796 1.000056907378937 50.474186
2457640.3300245916 1.0000099832006568 50.426537
2457640.3504562876 1.0000672079641753 50.419975
2457640.370888184 1.0000467110065878 50.41566
2457640.39131998 1.00005177072858 50.41396
2457640.411751877 1.0000523615924737 50.424248
2457640.4321835735 1.0000166335322083 50.436523
2457640.452615371 1.0000385594665007 50.433945
2457640.473047268 1.0001050623872394 50.446297
2457640.493478966 0.999935221297639 50.43127
2457640.534342662 0.9999705170919717 50.786205
2457640.5547743603 0.9997434357651168 50.720703
2457640.575206259 0.9999509105459518 50.674892
2457640.5956380577 0.999970127344167 50.59912
2457640.616069757 1.000020484413426 50.549923
2457640.7795242583 1.000069856579419 50.598106
2457640.799956159 1.0000024797833558 50.54449
2457640.820387861 1.000006909214502 50.49906
2457640.840819663 0.9999860982624528 50.47831
2457640.8612515647 1.000069995192723 50.462025
2457641.0247059898 1.0000411734354737 50.64148
2457641.0451377938 1.0000600144745604 50.60248
2457641.065569498 0.9999597703162574 50.5865
2457641.086001403 1.0000380152072157 50.557327
2457641.106433208 1.0000000633881685 50.514553
2457641.126865113 0.9999933852196928 50.493313
2457641.1472968184 0.9999562483927144 50.46203
2457641.1677286243 0.9999851060816645 50.44884
2457641.1881605303 0.999995877197602 50.447712
2457641.2698876564 0.9999326312130656 50.606125
2457641.290319564 0.9999349407829172 50.564533
2457641.310751371 0.9999538758774464 50.540195
2457641.3311830787 0.999930287021239 50.5035
2457641.3516149865 1.000018292079956 50.485817
2457641.3720467947 1.0000009788884852 50.469162
2457641.3924786034 0.999921042004566 50.45446
2457641.412910412 0.9999417292528067 50.45275
2457641.433342221 0.9999013658796777 50.45322
2457641.515069559 1.0036905453633178 50.776443
2457641.5355013693 1.0 50.900402
2457641.55593308 1.000050487220831 50.873787
2457641.576364991 0.9999819639284804 50.8332
2457641.5967967017 1.000047436969014 50.779972
2457641.6172285127 0.9999970780540043 50.769943
2457641.637660424 1.0000178480470452 50.708416
2457641.658092136 1.0000041283615515 50.659065
2457641.678524048 1.0002443547078599 50.595093
2457641.69895586 1.0000189493026284 50.551506
2457641.7193875727 1.0000632122269217 50.535553
2457641.739819485 1.000038618431205 50.49226
2457641.760251298 1.0000366524872628 50.480362
2457641.7806830113 1.00012510821519 50.464195
2457641.801114925 1.0000424197807494 50.46777
2457641.8215467385 1.0000568054030365 50.46787
2457641.8419786524 1.0000435628967146 50.46636
2457641.862410367 1.0000174128735941 50.464657
2457641.8828421813 1.0000842592020938 50.46068
2457641.903274096 1.000022365340404 50.458435
2457641.923705811 1.0000901519206553 50.462048
2457641.9441376263 1.0000339951314727 50.46378
2457641.9645695416 1.0 50.432304
2457642.005433174 1.0 50.910065
2457642.02586499 0.99995348268811 50.908543
2457642.0462967064 1.0000304041575734 50.896595
2457642.066728623 1.0000620710004458 50.90865
2457642.08716044 1.000063186103049 50.86129
2457642.1075922577 0.9999276733485976 50.832417
2457642.128024075 1.000016717934222 50.787308
2457642.148455893 0.9999490266706834 50.759914
2457642.168887711 0.9999784436348264 50.727592
2457642.1893196297 1.000011100403099 50.642372
2457642.209751348 1.0000234207851355 50.613373
2457642.230183267 0.99998112219296 50.59362
2457642.250614986 0.9999241996543152 50.551914
2457642.271046805 0.9999345471290338 50.522667
2457642.291478725 0.99997586610792 50.492218
2457642.311910445 1.0000202188920029 50.49459
2457642.332342265 0.9999907212991777 50.486427
2457642.3732059062 1.0000031536659542 50.47602
2457642.393637827 1.000011297377319 50.476078
2457642.4957968355 0.9999932828766446 50.50778
2457642.516228758 0.9999964113303335 50.510056
2457642.536660581 0.9999204372027819 50.48266
2457642.5570925036 0.9999825516322003 50.486626
2457642.577524227 0.9999606918844449 50.48104
2457642.5979560507 0.9999544877968145 50.48092
2457642.6183879743 0.9999682789990955 50.48776
2457642.6388196982 0.9998987515341775 50.483
2457642.6592515227 0.9999469596839319 50.492123
2457642.6796834473 0.9999592451052245 50.472374
2457642.7001152723 0.9999560096954739 50.453022
2457642.7409789227 0.999960667178659 50.490986
2457642.761410748 0.9999659934607424 50.488884
2457642.781842574 0.9998378462476998 50.48199
2457642.8022744004 1.000025848241299 50.480324
2457642.8227062267 1.0001241497739906 50.477924
2457642.8431380535 1.0001612524041203 50.48894
2457642.8840017077 0.9998619631896325 50.472176
2457642.904433635 1.0 50.434097
2457643.006592776 1.0 50.610832
2457643.027024505 1.0000673033648646 50.656136
2457643.047456335 0.9999549688519502 50.78669
2457643.067888264 0.999978381688349 50.785355
2457643.088319994 1.0000038322366873 50.87183
2457643.1087519242 1.0000090804731303 50.907642
2457643.129183755 1.0000072414504064 50.92588
2457643.149615485 0.9999525008032072 50.92602
2457643.1700474164 1.000073537420761 50.920975
2457643.1904792474 0.9999125395318158 50.934204
2457643.210910979 1.0000522101539857 50.948944
2457643.231342911 1.0000511892877644 50.941887
2457643.2517747427 1.0000290426025291 50.910862
2457643.272206675 1.000031837583175 50.858074
2457643.2926384076 0.9999886554885333 50.85351
2457643.3130702404 1.000068502764038 50.811905
2457643.3335021734 1.000074249742459 50.80471
2457643.3539339066 1.0001775417289984 50.759083
2457643.3743657405 1.0001532019619968 50.70208
2457643.3947976744 1.0002078781922223 50.67423
2457643.415229508 1.0000840794028603 50.651196
2457643.435661343 1.0002985905679773 50.62095
2457643.456093177 1.0000142208833593 50.586895
2457643.4765250124 1.0001209625595522 50.58807
2457643.4969568476 1.000056047534439 50.539253
2457643.5173886833 1.000093411864196 50.529064
2457643.537820519 1.0000640544954267 50.51984
2457643.558252455 0.9999884791234267 50.521847
2457643.721707153 0.9999977167395682 50.874683
2457643.7421388915 0.9999840631397574 50.867393
2457643.7625707304 0.9999890344238197 50.823326
2457643.7830026695 0.9999209317924064 50.793957
2457643.8034344087 0.9998212218222006 50.748085
2457643.966889233 0.9998655519075028 50.84564
2457643.9873211747 0.9998937691668239 50.804947
2457644.007752917 1.00000545924799 50.772438
2457644.028184759 1.0000267430724465 50.728184
2457644.0486167017 0.9997091675495725 50.68253
2457644.0690485444 0.9998691210744116 50.661053
2457644.089480288 0.9998357883092587 50.609257
2457644.109912231 0.9998632675260238 50.6031
2457644.1303440747 0.9998486273639695 50.54866
2457644.1507759187 0.9999570501603186 50.54842
2457644.2120715524 0.9999921098134611 50.960938
2457644.2325032977 0.9998782023462741 50.952885
2457644.2529351427 1.0000349906987354 50.91308
2457644.2733669886 0.9999683208426371 50.862877
2457644.2937988346 0.999991645375529 50.831978
2457644.3142306805 0.9998702171986392 50.796444
2457644.334662527 0.9999760501554372 50.743176
2457644.3550943737 0.9998827036694774 50.695015
2457644.3755263207 1.0000014865645548 50.663055
2457644.3959580683 0.9999425242378783 50.610386
2457644.4163899156 1.0000485892339375 50.593437
2457644.4368218635 1.0000607864002955 50.56956
2457644.4572536116 0.9999637688402083 50.55476
2457644.4776854604 1.0000577210393766 50.570053
2457644.4981174087 1.0000003016343626 50.535828
2457644.518549158 1.0000269007703597 50.52729
2457644.538981107 1.0000333985197352 50.547886
2457644.5594129567 1.0000122790804629 50.538944
2457644.5798448063 0.9999655057696615 50.529083
2457644.6002766564 1.000066255764171 50.507866
2457644.620708507 0.9999281099202815 50.487034
2457644.6411403576 1.0 50.4948
2457644.7024360113 1.0 50.946815
2457644.7228678633 1.0000811822130335 50.966595
2457644.743299615 1.0000619770357726 50.91856
2457644.7637315677 1.0000418716998494 50.879307
2457644.78416342 0.9999679869750879 50.834377
2457644.8045951733 1.0001611833908124 50.77367
2457644.8250271264 1.000059000612715 50.71502
2457644.8454589797 0.9999844637457419 50.65572
2457644.9476182517 0.9999089793627135 50.66094
2457644.968050107 0.9999455884731089 50.642197
2457644.988481962 1.0000139663200178 50.62132
2457645.0089138183 1.0001121050992297 50.588352
2457645.029345574 0.9999381454883329 50.585716
2457645.1928005326 1.0000977438287744 50.96707
2457645.213232491 0.9999224892799936 50.935925
2457645.2336642505 0.9999567605441693 50.911663
2457645.2540962095 1.0000257734211926 50.87369
2457645.274528069 1.0000017790327376 50.881233
2457645.294959929 1.0000480515517542 50.854687
2457645.3153917887 0.9999892738173325 50.815746
2457645.335823649 1.0001343777098954 50.780552
2457645.35625551 0.999930927778556 50.734894
2457645.3766874704 1.0000996704048684 50.6924
2457645.397119232 1.000044331427593 50.656006
2457645.4175511934 1.000011199153041 50.663208
2457645.437983055 0.9999418605683754 50.60818
2457645.458414817 0.9999336109177164 50.60164
2457645.4788467796 1.0000033176149767 50.58802
2457645.4992786422 0.9999777750740947 50.575996
2457645.5197104053 0.9999638189581234 50.589184
2457645.683165419 0.9999463970465106 50.982628
2457645.703597285 0.9999702533758626 50.98386
2457645.7240291503 0.9999203853331601 50.94708
2457645.7444610167 0.9999157218944617 50.925575
2457645.764892883 1.000103645983405 50.893112
2457645.78532475 1.0000276798208896 50.865067
2457645.805756717 0.9999158218683047 50.83966
2457645.826188484 0.9999190907353142 50.803734
2457645.8466203515 0.9999895726907141 50.75944
2457645.8670523195 0.9999715338420192 50.705635
2457645.8874840876 1.0000318937223018 50.701454
2457645.9079159563 1.000039699032882 50.659996
2457645.9283479247 0.9999133535433482 50.65481
2457645.948779794 1.000006048326417 50.63093
2457645.9692116636 0.9999204548232433 50.611618
2457645.9896435332 0.9999807436977496 50.611053
2457646.010075403 0.9999618739148967 50.59791
2457646.030507273 0.9999843110958055 50.600143
2457646.0509391436 1.0000115308202842 50.592884
2457646.0713710147 0.9999502510611226 50.58946
2457646.1735303733 1.0000107456708187 50.612297
2457646.193962346 1.0000142662310918 50.67574
2457646.2143942188 1.0000190417292583 50.620712
2457646.234825992 1.0000388747739357 50.606087
2457646.2552579655 1.0000146074789393 50.596043
2457646.357417337 1.0000059639261913 50.582787
2457646.3778492124 1.0 50.554356
2457646.4187129643 1.0000790880842358 50.660034
2457646.43914484 1.0000082583958632 50.6208
2457646.4595767166 1.000024062956108 50.61663
2457646.4800085933 0.9999967948437511 50.621193
2457646.5004404704 0.9999491119071618 50.600567
2457646.520872448 1.0000345168123683 50.595737
2457646.5413042256 1.0000043435831711 50.600403
2457646.5617361036 0.9999573098257929 50.586124
2457646.582168082 1.0000652425019738 50.568417
2457646.6025999603 0.9999706391453682 50.555725
2457646.6638955977 1.0 51.015945
2457646.6843274776 1.0000517586178623 51.00031
2457646.7047593575 1.000058468077457 50.935917
2457646.725191238 0.999931534016994 50.91234
2457646.7456232184 1.0001437166635292 50.89927
2457646.7660549995 1.000056743838365 50.843716
2457646.786486881 1.0000238996318684 50.823143
2457646.8069188623 1.0000129638210922 50.756317
2457646.909078275 1.0000020267424763 50.89161
2457646.929510158 0.9999615403211422 50.905987
2457646.9499419415 0.9998966247943951 50.892586
2457646.9703739258 0.9999326542157988 50.89689
2457646.99080581 0.9999437025397302 50.859657
2457647.0112375948 1.0000751507338175 50.84812
2457647.0316695794 1.000095866151097 50.81397
2457647.052101365 0.9999659584718649 50.78982
2457647.0725333504 1.0000867739755206 50.749382
2457647.092965236 0.9999278584074862 50.73388
2457647.1133970222 0.999983355827829 50.71808
2457647.133829009 1.0000321385733322 50.700085
2457647.154260895 1.0000517925471413 50.70857
2457647.1746927826 1.0000408107910554 50.665268
2457647.19512467 0.9999985504127176 50.646698
2457647.2155565573 1.0000484747943406 50.65619
2457647.235988545 0.9999753228057905 50.64288
2457647.39944376 1.0002318969317754 50.777203
2457647.4198755505 1.00009353554358 50.740795
2457647.4403074416 1.0000493139752769 50.71358
2457647.460739433 0.9999724343615404 50.679104
2457647.4811712247 0.9999138235929702 50.667034
2457647.5016031163 0.9999741723199899 50.652523
2457647.522035109 0.9999978534965188 50.6583
2457647.5424669012 0.9999854527033419 50.653008
2457647.5628988943 0.9999634050259375 50.647358
2457647.5833307873 0.999962665348282 50.63704
2457647.644626469 1.0 50.977074
2457647.665058263 1.0000164146249138 50.968906
2457647.6854902576 1.0000573994204485 50.945652
2457647.705922153 0.9999238587761043 50.916084
2457647.726354048 0.9999646203935357 50.89427
2457647.746785944 0.9999955810061534 50.85469
2457647.7672178396 0.9999519736640885 50.817703
2457647.7876497363 0.9999702717515533 50.78315
2457647.808081633 0.9999323736497396 50.772984
2457647.8285135296 0.9999628837641508 50.7252
2457647.889809222 0.9999878651672904 50.9001
2457647.9102411205 1.0000374131385774 50.91016
2457647.9306730186 1.0000282205259547 50.837124
2457647.9511050177 1.0000523753132295 50.810432
2457647.9715369167 0.9999737013978598 50.764805
2457648.1349921203 1.0000074774729366 50.896408
2457648.1554240226 1.000058695654858 50.84917
2457648.1758560245 1.0000054906289289 50.78219
2457648.196287827 0.9999126442123558 50.771973
2457648.21671973 1.0000040399493457 50.727375
2457648.318879249 0.9999469999137262 50.682068
2457648.380174964 0.9999267453015147 50.7774
2457648.40060697 0.9999525675155871 50.718224
2457648.4210387757 0.999985789611958 50.703465
2457648.441470682 0.999982536223844 50.70053
2457648.4619026887 0.9999871275579614 50.68695
2457648.4823345956 1.0000675325657422 50.69059
2457648.502766503 1.0000059935604628 50.67877
2457648.5231984104 1.0 50.66557
2457648.6253580535 1.0000456315688842 50.716904
2457648.6457898626 1.0000141514147265 50.688404
2457648.6662218724 1.0000264810120054 50.697052
2457648.6866537826 1.0000280738076437 50.67685
2457648.707085593 1.0000415320620304 50.679066
2457648.8909730017 1.0001277147145657 50.807327
2457648.9114048155 1.0000742971001129 50.76982
2457648.9318367294 1.0000617580699602 50.774345
2457648.9522687434 0.999963339873923 50.726265
2457649.1157240695 1.0000425062271217 50.901264
2457649.136155987 1.000005471148471 50.861774
2457649.1565878047 0.9999441232288329 50.849453
2457649.1770198224 1.0000169714038187 50.805737
2457649.1974517405 0.9999071270974954 50.77914
2457649.217883659 0.9999659057443702 50.772762
2457649.238315578 1.0000101734144444 50.766895
2457649.360907098 1.0000356957665848 50.900677
2457649.381339119 0.99994796410143 50.889797
2457649.40177104 1.0000640434579566 50.881084
2457649.422202862 0.9999723389568808 50.803123
2457649.4426348843 1.0000183183828786 50.811516
2457649.6060903724 1.0000242734385865 50.716526
2457649.6265221974 1.0000853519825257 50.70405
2457649.646954123 1.0000046193728556 50.685497
2457649.6673861486 1.0000040020359733 50.693584
2457649.6878179745 1.0001082115986402 50.69552
2457649.708250001 1.0000324415174522 50.671272
2457649.7286819275 1.0000597302180605 50.676285
2457649.749113755 1.0000201443794885 50.663982
2457649.769545782 0.9999961288034092 50.65268
2457649.851273495 0.9999822892229584 50.755077
2457649.8717053235 1.0000134740840165 50.733093
2457649.892137353 0.9999398493781197 50.707233
2457649.9125692826 0.9999820148315209 50.701332
2457649.933001213 0.9999717351855042 50.69373
2457649.953433143 0.9999426509328047 50.685898
2457649.9738650736 1.0000123389853024 50.681915
2457649.9942971044 0.9999531732216529 50.66695
2457650.014728936 0.9999231902487411 50.66052
2457650.0351608675 1.0000037570107632 50.635113
2457650.0555928997 1.0 50.633266
2457650.0964567643 0.999943527961019 50.756813
2457650.1168886973 0.9999747624187347 50.721825
2457650.1373205306 1.0000136159519561 50.715725
2457650.157752564 1.000024041559796 50.70214
2457650.178184498 0.9999512754614976 50.690582
2457650.341639982 1.0 50.949696
2457650.362071919 0.9999220584697054 50.966976
2457650.382503956 1.0000727213386134 51.005783
2457650.4029357936 1.0000497199966205 50.9845
2457650.423367832 1.0001571146280788 50.947803
2457650.44379977 1.0000134878976377 50.926838
2457650.4642316084 0.9998997263321601 50.924564
2457650.4846636476 1.0000035537782295 50.89022
2457650.5050955866 0.9999865129503186 50.919773
2457650.5255274265 1.0000763019267815 50.83957
2457650.5459594666 1.0000476297088743 50.837513
2457650.566391407 1.0000146490610795 50.801914
2457650.586823248 1.0000155100888595 50.773994
2457650.6072552884 0.999976750274117 50.73764
2457650.62768723 0.9999865969204265 50.71794
2457650.6481192717 1.0000185973686893 50.706482
2457650.6685511135 1.0000245602074551 50.677372
2457650.6889830558 0.9999984686524528 50.711662
2457650.7094150987 0.9999999635372647 50.681454
2457650.729846942 1.000019781277138 50.680542
2457650.750278885 0.9999892081292475 50.657146
2457650.770710929 1.0000804733170874 50.620766
2457650.832006762 1.0000454466688622 50.71678
2457650.852438607 1.0000378351391248 50.704887
2457650.8728706525 0.9999985533168007 50.704807
2457650.893302598 0.9999930491625306 50.683678
2457650.913734544 0.9999721380347302 50.677704
2457650.9341664906 0.9999827406739562 50.666138
2457650.954598437 0.9999927974944993 50.629288
2457650.9750304846 1.0000697664814004 50.603596
2457650.995462332 1.0000325829887458 50.573006
2457651.0158942793 1.000041842840876 50.535778
2457651.036326328 0.9999704935685425 50.465332
2457651.0771901254 1.0 50.94952
2457651.097622074 0.9999774011689768 51.006516
2457651.1180540235 1.000052556289485 50.991634
2457651.1384860734 0.9999991383534936 50.95623
2457651.1589180236 0.9999577311388415 50.939293
2457651.179349874 0.9998554495219043 50.940437
2457651.199781925 1.0000599169118436 50.891216
2457651.220213876 1.0001125791824699 50.875286
2457651.240645728 1.0000374213613568 50.84887
2457651.26107778 0.9999517235222848 50.79534
2457651.281509732 0.9999182297784611 50.77892
2457651.3019415843 1.0001384875272188 50.738842
2457651.3223736375 0.9999594334656723 50.715717
2457651.3428055905 0.9999809147490468 50.72465
2457651.363237644 0.999915863688766 50.71258
2457651.383669498 0.9999535992370545 50.685314
2457651.4041014523 0.9999706853463317 50.67252
2457651.424533507 0.999929775691962 50.654354
2457651.444965362 0.9999186966269638 50.635998
2457651.4653973174 1.000011667705877 50.546284
2457651.485829373 0.9999250822771387 50.525867
2457651.506261229 1.0000307144737042 50.447456
2457651.5266932854 1.0 50.33433
2457651.5675570993 0.9999967504149697 50.819935
2457651.5879891566 0.9999744319442355 50.782948
2457651.6084211143 1.0000014273911844 50.74217
2457651.6288530724 0.9999762757167597 50.735683
2457651.649285031 1.0000595404669428 50.712162
2457651.6697169896 1.0000365497839794 50.698868
2457651.6901489487 1.0000570950502061 50.671257
2457651.710580908 1.0000266104520714 50.650764
